----------------------------------------------------------
P=100, Gaussian Prior,  no normalization of the data  
N= 
150
b= 
2.090399 2.636543 2.350315 2.882806 3.150244
3.733423 2.114629 2.093035 2.623238 3.115541
2.250216 2.6117 2.595518 2.919144 3.110744
2.442622 5.135416 4.062308 1.595348 2.969606
2.93229 2.768164 2.158114 3.218438 2.515633
1.888399 1.894402 2.447285 1.775434 2.913960
2.818866 2.890724 2.147115 3.431643 2.20097
2.798605 2.261220 2.392748 1.984007 3.111193
1.668786 2.217513 2.706784 2.631421 1.805606
2.263555 1.643783 2.81199 1.983303 3.241815
3.823105 2.178708 3.14394 4.025723 3.890515
2.964695 3.075140 3.048259 2.348834 3.037468
4.018905 2.537734 1.702386 2.25234 2.369967
2.965448 2.238195 2.878239 2.558453 2.391897
2.482933 2.566139 2.376288 2.917284 3.031935
1.959616 2.546383 2.844199 3.058595 2.334708
3.083439 2.255382 2.172727 2.212948 3.733792
2.251267 2.855922 3.755354 2.932912 2.897631
3.335554 2.080910 2.480263 2.534037 2.924491
2.237779 2.334277 3.217558 3.612255 2.185836
learned lambda
10.20890 10.81516 10.61137 10.95309 10.90232
11.48448 10.45075 10.44354 10.76040 11.10456
10.64046 10.76371 10.73615 11.00726 11.19543
10.7214 12.30633 11.68807 10.16437 11.02691
10.95833 10.84564 10.41313 11.14267 10.75820
10.39146 10.44298 10.72634 10.32133 10.85763
10.92451 11.00394 10.53927 11.31743 10.50755
10.9205 10.57911 10.59488 10.51896 11.05017
10.11804 10.56846 10.86316 10.79805 10.32987
10.52077 10.25116 10.93171 10.46136 11.20754
11.52012 10.50917 11.16287 11.70596 11.44354
10.96923 10.98617 11.02578 10.43041 10.96066
11.59727 10.75478 10.3193 10.54312 10.52708
10.99443 10.60343 10.94655 10.65526 10.67123
10.77154 10.84199 10.62281 11.04218 11.05328
10.43198 10.77661 10.95504 11.15244 10.6188
11.00318 10.637 10.49175 10.68116 11.52911
10.59412 10.97319 11.34800 11.07172 10.86294
11.12633 10.5248 10.74603 10.59065 10.97539
10.66351 10.61498 11.15945 11.38477 10.42888
Prediction Mean Squared Error of the learned model 
1.028883
TP of the learned C 
0.1984436
FP of the learned C 
0.07713616
----------------------------------------------------------
lambda_avg
10.20890 10.81516 10.61137 10.95309 10.90232
11.48448 10.45075 10.44354 10.76040 11.10456
10.64046 10.76371 10.73615 11.00726 11.19543
10.7214 12.30633 11.68807 10.16437 11.02691
10.95833 10.84564 10.41313 11.14267 10.75820
10.39146 10.44298 10.72634 10.32133 10.85763
10.92451 11.00394 10.53927 11.31743 10.50755
10.9205 10.57911 10.59488 10.51896 11.05017
10.11804 10.56846 10.86316 10.79805 10.32987
10.52077 10.25116 10.93171 10.46136 11.20754
11.52012 10.50917 11.16287 11.70596 11.44354
10.96923 10.98617 11.02578 10.43041 10.96066
11.59727 10.75478 10.3193 10.54312 10.52708
10.99443 10.60343 10.94655 10.65526 10.67123
10.77154 10.84199 10.62281 11.04218 11.05328
10.43198 10.77661 10.95504 11.15244 10.6188
11.00318 10.637 10.49175 10.68116 11.52911
10.59412 10.97319 11.34800 11.07172 10.86294
11.12633 10.5248 10.74603 10.59065 10.97539
10.66351 10.61498 11.15945 11.38477 10.42888
lse_avg
1.028883
TP_avg
0.1984436
FP_avg
0.07713616
