----------------------------------------------------------
P=100  NOT Scaled  and no normalization of the data 
density= 
0.0614
N= 
150
b= 
0.3955632 0.3524166 0.3108123 0.3498865 0.3580293
0.4246887 0.3530344 0.3801107 0.3105653 0.4275995
0.4369845 0.251604 0.304196 0.4349485 0.4896918
0.3239931 0.3462520 0.4227135 0.3146279 0.3271423
0.591624 0.4258146 0.2502716 0.4106164 0.2613334
0.3718315 0.2824036 0.3507257 0.3422056 0.3520761
0.317351 0.3652824 0.3178987 0.3508832 0.4155738
0.2464986 0.4331228 0.3817801 0.4056378 0.434463
0.3766136 0.2406149 0.2305946 0.3774927 0.4057539
0.3560634 0.316407 0.2803090 0.2784102 0.4566267
0.4971033 0.3489852 0.3953442 0.4542042 0.2631431
0.3844995 0.2967345 0.4148807 0.5567018 0.3685955
0.4504303 0.7476072 0.2983135 0.6154124 0.5010207
0.4310101 0.4624295 0.3490549 0.3652352 0.4909889
0.3371158 0.4963116 0.4061895 0.3524852 0.406485
0.4193357 0.5002956 0.3806983 0.5591664 0.4897531
0.7472533 0.3118469 0.3165751 0.4486037 0.2177280
0.5713541 0.357366 0.3682774 0.3005534 0.4319644
0.3895595 0.2183093 0.3871956 0.3986444 0.1956862
0.5038123 0.5046991 0.3466879 0.3213825 0.3248039
learned lambda
139.0067 144.146 159.7579 141.6444 143.3278
124.7702 150.2010 133.1988 155.9526 118.4350
119.2419 191.0147 159.2508 120.8105 118.8330
152.9710 149.8710 128.3488 164.4411 150.4914
95.93412 129.5222 194.573 127.0145 180.1392
138.3270 178.4499 151.8386 148.8121 146.7308
152.1622 140.588 159.5726 138.2399 130.7425
187.0157 122.3859 135.6841 128.9934 125.6334
139.3289 193.3795 207.3988 130.1851 134.7877
143.4271 154.8445 181.7284 174.8384 119.0288
107.6822 143.9543 136.1090 118.6225 188.1935
135.1168 171.0401 133.4783 105.1270 133.0200
129.2537 78.30841 169.3105 96.20079 103.8762
120.1057 116.989 140.3922 143.5274 118.0238
152.9219 112.5698 124.7266 148.6565 124.1596
128.9886 108.0803 139.1718 99.1497 108.7303
75.46692 158.4296 152.1038 126.3459 207.718
98.03685 144.9928 143.5985 162.3534 126.8933
135.6162 218.4181 131.3416 141.4236 235.7858
105.7318 105.4728 141.8509 158.1109 150.9322
Prediction Mean Squared Error of the learned model 
1.007648
TP of the learned C 
0
FP of the learned C 
0
----------------------------------------------------------
lambda_avg
139.0067 144.146 159.7579 141.6444 143.3278
124.7702 150.2010 133.1988 155.9526 118.4350
119.2419 191.0147 159.2508 120.8105 118.8330
152.9710 149.8710 128.3488 164.4411 150.4914
95.93412 129.5222 194.573 127.0145 180.1392
138.3270 178.4499 151.8386 148.8121 146.7308
152.1622 140.588 159.5726 138.2399 130.7425
187.0157 122.3859 135.6841 128.9934 125.6334
139.3289 193.3795 207.3988 130.1851 134.7877
143.4271 154.8445 181.7284 174.8384 119.0288
107.6822 143.9543 136.1090 118.6225 188.1935
135.1168 171.0401 133.4783 105.1270 133.0200
129.2537 78.30841 169.3105 96.20079 103.8762
120.1057 116.989 140.3922 143.5274 118.0238
152.9219 112.5698 124.7266 148.6565 124.1596
128.9886 108.0803 139.1718 99.1497 108.7303
75.46692 158.4296 152.1038 126.3459 207.718
98.03685 144.9928 143.5985 162.3534 126.8933
135.6162 218.4181 131.3416 141.4236 235.7858
105.7318 105.4728 141.8509 158.1109 150.9322
lse_avg
1.007648
TP_avg
0
FP_avg
0
