% N density lambda LLtest TP FP
50 0.03 500.000000  0.000000 0.000000 0.000000
50 0.03 450.000000  0.000000 0.000000 0.000000
50 0.03 400.000000  0.000000 0.000000 0.000000
50 0.03 350.000000  0.000000 0.006579 0.000208
50 0.03 300.000000  0.000000 0.013158 0.000208
50 0.03 250.000000  0.000000 0.019737 0.000417
50 0.03 200.000000  0.000000 0.065789 0.002918
50 0.03 150.000000  0.000000 0.105263 0.006669
50 0.03 100.000000  0.000000 0.157895 0.011046
50 0.03 50.000000  0.000000 0.263158 0.022926
50 0.03 40.000000  0.000000 0.342105 0.028970
50 0.03 30.000000  0.000000 0.368421 0.038558
50 0.03 20.000000  0.000000 0.559211 0.056482
50 0.03 10.000000  0.000000 0.677632 0.105877
50 0.03 5.000000  0.000000 0.789474 0.192789
50 0.03 1.000000  0.000000 0.921053 0.458316
50 0.03 500.000000  0.000000 0.065217 0.008520
50 0.03 450.000000  0.000000 0.072464 0.010599
50 0.03 400.000000  0.000000 0.072464 0.012469
50 0.03 350.000000  0.000000 0.079710 0.016002
50 0.03 300.000000  0.000000 0.086957 0.022028
50 0.03 250.000000  0.000000 0.108696 0.026392
50 0.03 200.000000  0.000000 0.108696 0.030133
50 0.03 150.000000  0.000000 0.159420 0.035121
50 0.03 100.000000  0.000000 0.246377 0.040316
50 0.03 50.000000  0.000000 0.355072 0.054655
50 0.03 40.000000  0.000000 0.391304 0.061929
50 0.03 30.000000  0.000000 0.485507 0.069202
50 0.03 20.000000  0.000000 0.586957 0.083541
50 0.03 10.000000  0.000000 0.746377 0.128637
50 0.03 5.000000  0.000000 0.869565 0.206775
50 0.03 1.000000  0.000000 0.934783 0.438487
50 0.03 500.000000  0.000000 0.021127 0.000416
50 0.03 450.000000  0.000000 0.042254 0.002704
50 0.03 400.000000  0.000000 0.077465 0.008111
50 0.03 350.000000  0.000000 0.140845 0.017263
50 0.03 300.000000  0.000000 0.154930 0.023295
50 0.03 250.000000  0.000000 0.169014 0.028078
50 0.03 200.000000  0.000000 0.183099 0.030574
50 0.03 150.000000  0.000000 0.218310 0.033486
50 0.03 100.000000  0.000000 0.267606 0.040765
50 0.03 50.000000  0.000000 0.359155 0.054077
50 0.03 40.000000  0.000000 0.415493 0.060524
50 0.03 30.000000  0.000000 0.471831 0.072379
50 0.03 20.000000  0.000000 0.633803 0.088602
50 0.03 10.000000  0.000000 0.760563 0.129368
50 0.03 5.000000  0.000000 0.859155 0.207779
50 0.03 1.000000  0.000000 0.950704 0.444884
50 0.03 500.000000  0.000000 0.000000 0.000000
50 0.03 450.000000  0.000000 0.000000 0.000000
50 0.03 400.000000  0.000000 0.000000 0.000000
50 0.03 350.000000  0.000000 0.006944 0.000000
50 0.03 300.000000  0.000000 0.027778 0.000416
50 0.03 250.000000  0.000000 0.069444 0.002289
50 0.03 200.000000  0.000000 0.118056 0.010404
50 0.03 150.000000  0.000000 0.152778 0.015605
50 0.03 100.000000  0.000000 0.194444 0.021015
50 0.03 50.000000  0.000000 0.333333 0.035789
50 0.03 40.000000  0.000000 0.381944 0.042239
50 0.03 30.000000  0.000000 0.458333 0.051602
50 0.03 20.000000  0.000000 0.534722 0.071369
50 0.03 10.000000  0.000000 0.687500 0.116521
50 0.03 5.000000  0.000000 0.840278 0.193300
50 0.03 1.000000  0.000000 0.944444 0.447982
50 0.03 500.000000  0.000000 0.054217 0.016095
50 0.03 450.000000  0.000000 0.054217 0.017349
50 0.03 400.000000  0.000000 0.054217 0.017977
50 0.03 350.000000  0.000000 0.060241 0.019649
50 0.03 300.000000  0.000000 0.072289 0.020903
50 0.03 250.000000  0.000000 0.078313 0.021948
50 0.03 200.000000  0.000000 0.084337 0.023620
50 0.03 150.000000  0.000000 0.144578 0.026338
50 0.03 100.000000  0.000000 0.216867 0.034490
50 0.03 50.000000  0.000000 0.301205 0.048286
50 0.03 40.000000  0.000000 0.313253 0.055184
50 0.03 30.000000  0.000000 0.355422 0.066890
50 0.03 20.000000  0.000000 0.475904 0.088629
50 0.03 10.000000  0.000000 0.632530 0.136079
50 0.03 5.000000  0.000000 0.740964 0.208612
50 0.03 1.000000  0.000000 0.885542 0.451296
100 0.03 500.000000  0.000000 0.052632 0.002084
100 0.03 450.000000  0.000000 0.065789 0.003960
100 0.03 400.000000  0.000000 0.085526 0.005836
100 0.03 350.000000  0.000000 0.092105 0.007503
100 0.03 300.000000  0.000000 0.105263 0.008754
100 0.03 250.000000  0.000000 0.125000 0.009170
100 0.03 200.000000  0.000000 0.144737 0.010838
100 0.03 150.000000  0.000000 0.177632 0.014381
100 0.03 100.000000  0.000000 0.256579 0.021259
100 0.03 50.000000  0.000000 0.486842 0.035848
100 0.03 40.000000  0.000000 0.585526 0.043560
100 0.03 30.000000  0.000000 0.664474 0.056690
100 0.03 20.000000  0.000000 0.730263 0.080450
100 0.03 10.000000  0.000000 0.855263 0.152980
100 0.03 5.000000  0.000000 0.921053 0.250729
100 0.03 1.000000  0.000000 0.973684 0.494789
100 0.03 500.000000  0.000000 0.123188 0.025977
100 0.03 450.000000  0.000000 0.130435 0.029925
100 0.03 400.000000  0.000000 0.152174 0.032835
100 0.03 350.000000  0.000000 0.181159 0.035952
100 0.03 300.000000  0.000000 0.217391 0.039069
100 0.03 250.000000  0.000000 0.246377 0.042810
100 0.03 200.000000  0.000000 0.260870 0.046550
100 0.03 150.000000  0.000000 0.282609 0.052369
100 0.03 100.000000  0.000000 0.347826 0.060889
100 0.03 50.000000  0.000000 0.507246 0.076268
100 0.03 40.000000  0.000000 0.608696 0.083126
100 0.03 30.000000  0.000000 0.695652 0.093308
100 0.03 20.000000  0.000000 0.760870 0.112635
100 0.03 10.000000  0.000000 0.898551 0.170823
100 0.03 5.000000  0.000000 0.963768 0.248545
100 0.03 1.000000  0.000000 0.978261 0.447839
100 0.03 500.000000  0.000000 0.161972 0.022879
100 0.03 450.000000  0.000000 0.169014 0.025998
100 0.03 400.000000  0.000000 0.176056 0.027454
100 0.03 350.000000  0.000000 0.183099 0.029118
100 0.03 300.000000  0.000000 0.204225 0.030782
100 0.03 250.000000  0.000000 0.239437 0.033902
100 0.03 200.000000  0.000000 0.267606 0.037854
100 0.03 150.000000  0.000000 0.274648 0.040557
100 0.03 100.000000  0.000000 0.352113 0.047421
100 0.03 50.000000  0.000000 0.570423 0.065932
100 0.03 40.000000  0.000000 0.704225 0.074459
100 0.03 30.000000  0.000000 0.732394 0.085691
100 0.03 20.000000  0.000000 0.781690 0.109609
100 0.03 10.000000  0.000000 0.880282 0.171173
100 0.03 5.000000  0.000000 0.964789 0.257280
100 0.03 1.000000  0.000000 0.985915 0.478369
100 0.03 500.000000  0.000000 0.055556 0.001457
100 0.03 450.000000  0.000000 0.083333 0.002289
100 0.03 400.000000  0.000000 0.083333 0.004994
100 0.03 350.000000  0.000000 0.118056 0.008739
100 0.03 300.000000  0.000000 0.125000 0.011236
100 0.03 250.000000  0.000000 0.173611 0.015605
100 0.03 200.000000  0.000000 0.201389 0.019559
100 0.03 150.000000  0.000000 0.270833 0.025385
100 0.03 100.000000  0.000000 0.361111 0.036205
100 0.03 50.000000  0.000000 0.465278 0.051810
100 0.03 40.000000  0.000000 0.597222 0.062630
100 0.03 30.000000  0.000000 0.638889 0.072826
100 0.03 20.000000  0.000000 0.708333 0.092801
100 0.03 10.000000  0.000000 0.875000 0.155015
100 0.03 5.000000  0.000000 0.937500 0.246983
100 0.03 1.000000  0.000000 1.000000 0.486683
100 0.03 500.000000  0.000000 0.078313 0.017140
100 0.03 450.000000  0.000000 0.090361 0.018186
100 0.03 400.000000  0.000000 0.102410 0.020067
100 0.03 350.000000  0.000000 0.108434 0.021739
100 0.03 300.000000  0.000000 0.138554 0.024875
100 0.03 250.000000  0.000000 0.168675 0.027801
100 0.03 200.000000  0.000000 0.198795 0.030100
100 0.03 150.000000  0.000000 0.210843 0.034281
100 0.03 100.000000  0.000000 0.301205 0.043687
100 0.03 50.000000  0.000000 0.397590 0.067308
100 0.03 40.000000  0.000000 0.512048 0.075460
100 0.03 30.000000  0.000000 0.584337 0.087793
100 0.03 20.000000  0.000000 0.644578 0.108905
100 0.03 10.000000  0.000000 0.759036 0.165343
100 0.03 5.000000  0.000000 0.843373 0.257943
100 0.03 1.000000  0.000000 0.933735 0.487249
200 0.03 500.000000  0.000000 0.164474 0.012088
200 0.03 450.000000  0.000000 0.171053 0.013756
200 0.03 400.000000  0.000000 0.171053 0.016048
200 0.03 350.000000  0.000000 0.171053 0.017716
200 0.03 300.000000  0.000000 0.171053 0.020008
200 0.03 250.000000  0.000000 0.217105 0.021676
200 0.03 200.000000  0.000000 0.256579 0.026261
200 0.03 150.000000  0.000000 0.348684 0.031263
200 0.03 100.000000  0.000000 0.447368 0.041059
200 0.03 50.000000  0.000000 0.717105 0.061067
200 0.03 40.000000  0.000000 0.750000 0.070446
200 0.03 30.000000  0.000000 0.776316 0.085244
200 0.03 20.000000  0.000000 0.875000 0.113589
200 0.03 10.000000  0.000000 0.947368 0.190079
200 0.03 5.000000  0.000000 0.980263 0.292830
200 0.03 1.000000  0.000000 1.000000 0.493747
200 0.03 500.000000  0.000000 0.246377 0.032003
200 0.03 450.000000  0.000000 0.246377 0.035328
200 0.03 400.000000  0.000000 0.260870 0.038238
200 0.03 350.000000  0.000000 0.268116 0.041147
200 0.03 300.000000  0.000000 0.282609 0.044888
200 0.03 250.000000  0.000000 0.311594 0.049044
200 0.03 200.000000  0.000000 0.369565 0.054239
200 0.03 150.000000  0.000000 0.449275 0.060682
200 0.03 100.000000  0.000000 0.514493 0.069825
200 0.03 50.000000  0.000000 0.746377 0.089983
200 0.03 40.000000  0.000000 0.782609 0.098504
200 0.03 30.000000  0.000000 0.840580 0.115129
200 0.03 20.000000  0.000000 0.898551 0.142145
200 0.03 10.000000  0.000000 0.942029 0.201579
200 0.03 5.000000  0.000000 0.963768 0.284081
200 0.03 1.000000  0.000000 0.992754 0.442643
200 0.03 500.000000  0.000000 0.246479 0.031822
200 0.03 450.000000  0.000000 0.260563 0.034318
200 0.03 400.000000  0.000000 0.260563 0.038686
200 0.03 350.000000  0.000000 0.295775 0.042013
200 0.03 300.000000  0.000000 0.323944 0.046381
200 0.03 250.000000  0.000000 0.352113 0.049501
200 0.03 200.000000  0.000000 0.359155 0.053661
200 0.03 150.000000  0.000000 0.443662 0.058860
200 0.03 100.000000  0.000000 0.535211 0.070092
200 0.03 50.000000  0.000000 0.732394 0.088394
200 0.03 40.000000  0.000000 0.767606 0.097130
200 0.03 30.000000  0.000000 0.830986 0.110649
200 0.03 20.000000  0.000000 0.894366 0.135815
200 0.03 10.000000  0.000000 0.978873 0.201539
200 0.03 5.000000  0.000000 1.000000 0.290349
200 0.03 1.000000  0.000000 1.000000 0.458611
200 0.03 500.000000  0.000000 0.173611 0.016438
200 0.03 450.000000  0.000000 0.201389 0.018102
200 0.03 400.000000  0.000000 0.208333 0.020391
200 0.03 350.000000  0.000000 0.229167 0.023304
200 0.03 300.000000  0.000000 0.243056 0.025593
200 0.03 250.000000  0.000000 0.291667 0.029754
200 0.03 200.000000  0.000000 0.340278 0.033084
200 0.03 150.000000  0.000000 0.416667 0.041199
200 0.03 100.000000  0.000000 0.493056 0.051602
200 0.03 50.000000  0.000000 0.701389 0.070121
200 0.03 40.000000  0.000000 0.736111 0.082189
200 0.03 30.000000  0.000000 0.791667 0.098835
200 0.03 20.000000  0.000000 0.875000 0.122763
200 0.03 10.000000  0.000000 0.972222 0.192260
200 0.03 5.000000  0.000000 0.993056 0.290470
200 0.03 1.000000  0.000000 1.000000 0.475239
200 0.03 500.000000  0.000000 0.132530 0.020067
200 0.03 450.000000  0.000000 0.162651 0.021112
200 0.03 400.000000  0.000000 0.180723 0.023202
200 0.03 350.000000  0.000000 0.192771 0.025293
200 0.03 300.000000  0.000000 0.198795 0.027592
200 0.03 250.000000  0.000000 0.228916 0.031355
200 0.03 200.000000  0.000000 0.259036 0.037834
200 0.03 150.000000  0.000000 0.313253 0.043060
200 0.03 100.000000  0.000000 0.409639 0.055602
200 0.03 50.000000  0.000000 0.632530 0.080477
200 0.03 40.000000  0.000000 0.680723 0.089047
200 0.03 30.000000  0.000000 0.734940 0.102007
200 0.03 20.000000  0.000000 0.801205 0.128135
200 0.03 10.000000  0.000000 0.885542 0.197533
200 0.03 5.000000  0.000000 0.945783 0.284490
200 0.03 1.000000  0.000000 0.945783 0.461747
500 0.03 500.000000  0.000000 0.243421 0.022509
500 0.03 450.000000  0.000000 0.302632 0.024177
500 0.03 400.000000  0.000000 0.342105 0.027511
500 0.03 350.000000  0.000000 0.361842 0.031263
500 0.03 300.000000  0.000000 0.375000 0.033972
500 0.03 250.000000  0.000000 0.440789 0.038558
500 0.03 200.000000  0.000000 0.664474 0.047311
500 0.03 150.000000  0.000000 0.703947 0.055440
500 0.03 100.000000  0.000000 0.750000 0.064819
500 0.03 50.000000  0.000000 0.875000 0.085035
500 0.03 40.000000  0.000000 0.907895 0.099208
500 0.03 30.000000  0.000000 0.940789 0.117966
500 0.03 20.000000  0.000000 0.967105 0.152772
500 0.03 10.000000  0.000000 0.993421 0.230304
500 0.03 5.000000  0.000000 1.000000 0.316173
500 0.03 1.000000  0.000000 1.000000 0.439558
500 0.03 500.000000  0.000000 0.369565 0.043641
500 0.03 450.000000  0.000000 0.398551 0.048628
500 0.03 400.000000  0.000000 0.449275 0.052369
500 0.03 350.000000  0.000000 0.463768 0.055486
500 0.03 300.000000  0.000000 0.471014 0.057980
500 0.03 250.000000  0.000000 0.565217 0.062344
500 0.03 200.000000  0.000000 0.652174 0.068579
500 0.03 150.000000  0.000000 0.724638 0.076268
500 0.03 100.000000  0.000000 0.797101 0.089152
500 0.03 50.000000  0.000000 0.898551 0.117207
500 0.03 40.000000  0.000000 0.934783 0.126559
500 0.03 30.000000  0.000000 0.942029 0.143392
500 0.03 20.000000  0.000000 0.971014 0.168953
500 0.03 10.000000  0.000000 0.978261 0.224023
500 0.03 5.000000  0.000000 0.978261 0.285328
500 0.03 1.000000  0.000000 0.985507 0.384040
500 0.03 500.000000  0.000000 0.352113 0.043053
500 0.03 450.000000  0.000000 0.380282 0.046173
500 0.03 400.000000  0.000000 0.436620 0.049917
500 0.03 350.000000  0.000000 0.464789 0.053453
500 0.03 300.000000  0.000000 0.471831 0.055948
500 0.03 250.000000  0.000000 0.542254 0.061980
500 0.03 200.000000  0.000000 0.718310 0.069884
500 0.03 150.000000  0.000000 0.760563 0.077163
500 0.03 100.000000  0.000000 0.781690 0.088810
500 0.03 50.000000  0.000000 0.908451 0.112313
500 0.03 40.000000  0.000000 0.929577 0.123336
500 0.03 30.000000  0.000000 0.978873 0.139559
500 0.03 20.000000  0.000000 1.000000 0.168885
500 0.03 10.000000  0.000000 1.000000 0.241057
500 0.03 5.000000  0.000000 1.000000 0.313852
500 0.03 1.000000  0.000000 1.000000 0.416389
500 0.03 500.000000  0.000000 0.326389 0.029754
500 0.03 450.000000  0.000000 0.381944 0.036205
500 0.03 400.000000  0.000000 0.423611 0.041199
500 0.03 350.000000  0.000000 0.437500 0.044320
500 0.03 300.000000  0.000000 0.444444 0.047233
500 0.03 250.000000  0.000000 0.500000 0.051394
500 0.03 200.000000  0.000000 0.666667 0.057844
500 0.03 150.000000  0.000000 0.701389 0.065543
500 0.03 100.000000  0.000000 0.750000 0.074698
500 0.03 50.000000  0.000000 0.868056 0.099043
500 0.03 40.000000  0.000000 0.944444 0.113400
500 0.03 30.000000  0.000000 0.986111 0.132751
500 0.03 20.000000  0.000000 0.993056 0.165418
500 0.03 10.000000  0.000000 1.000000 0.235747
500 0.03 5.000000  0.000000 1.000000 0.318976
500 0.03 1.000000  0.000000 1.000000 0.428631
500 0.03 500.000000  0.000000 0.283133 0.029682
500 0.03 450.000000  0.000000 0.295181 0.031773
500 0.03 400.000000  0.000000 0.313253 0.035326
500 0.03 350.000000  0.000000 0.337349 0.039716
500 0.03 300.000000  0.000000 0.343373 0.044732
500 0.03 250.000000  0.000000 0.439759 0.049331
500 0.03 200.000000  0.000000 0.530120 0.059992
500 0.03 150.000000  0.000000 0.626506 0.070234
500 0.03 100.000000  0.000000 0.680723 0.082985
500 0.03 50.000000  0.000000 0.789157 0.106396
500 0.03 40.000000  0.000000 0.849398 0.114967
500 0.03 30.000000  0.000000 0.915663 0.132316
500 0.03 20.000000  0.000000 0.951807 0.165761
500 0.03 10.000000  0.000000 0.957831 0.227843
500 0.03 5.000000  0.000000 0.969880 0.315426
500 0.03 1.000000  0.000000 0.969880 0.413880
1000 0.03 500.000000  0.000000 0.460526 0.033139
1000 0.03 450.000000  0.000000 0.625000 0.041059
1000 0.03 400.000000  0.000000 0.690789 0.047728
1000 0.03 350.000000  0.000000 0.690789 0.051897
1000 0.03 300.000000  0.000000 0.703947 0.055648
1000 0.03 250.000000  0.000000 0.717105 0.059400
1000 0.03 200.000000  0.000000 0.756579 0.062526
1000 0.03 150.000000  0.000000 0.789474 0.069612
1000 0.03 100.000000  0.000000 0.888158 0.082326
1000 0.03 50.000000  0.000000 0.973684 0.110463
1000 0.03 40.000000  0.000000 0.980263 0.121509
1000 0.03 30.000000  0.000000 0.986842 0.143393
1000 0.03 20.000000  0.000000 0.986842 0.174865
1000 0.03 10.000000  0.000000 1.000000 0.244268
1000 0.03 5.000000  0.000000 1.000000 0.304710
1000 0.03 1.000000  0.000000 1.000000 0.375156
1000 0.03 500.000000  0.000000 0.521739 0.048005
1000 0.03 450.000000  0.000000 0.615942 0.054032
1000 0.03 400.000000  0.000000 0.673913 0.057980
1000 0.03 350.000000  0.000000 0.702899 0.062968
1000 0.03 300.000000  0.000000 0.739130 0.065877
1000 0.03 250.000000  0.000000 0.768116 0.069618
1000 0.03 200.000000  0.000000 0.797101 0.074605
1000 0.03 150.000000  0.000000 0.862319 0.083126
1000 0.03 100.000000  0.000000 0.927536 0.095594
1000 0.03 50.000000  0.000000 0.956522 0.119493
1000 0.03 40.000000  0.000000 0.963768 0.128013
1000 0.03 30.000000  0.000000 0.971014 0.142768
1000 0.03 20.000000  0.000000 0.992754 0.170407
1000 0.03 10.000000  0.000000 0.992754 0.223608
1000 0.03 5.000000  0.000000 0.992754 0.267456
1000 0.03 1.000000  0.000000 0.992754 0.320865
1000 0.03 500.000000  0.000000 0.563380 0.053037
1000 0.03 450.000000  0.000000 0.654930 0.058652
1000 0.03 400.000000  0.000000 0.697183 0.064476
1000 0.03 350.000000  0.000000 0.732394 0.069676
1000 0.03 300.000000  0.000000 0.760563 0.074875
1000 0.03 250.000000  0.000000 0.767606 0.079451
1000 0.03 200.000000  0.000000 0.788732 0.086106
1000 0.03 150.000000  0.000000 0.866197 0.094634
1000 0.03 100.000000  0.000000 0.922535 0.107529
1000 0.03 50.000000  0.000000 0.978873 0.133527
1000 0.03 40.000000  0.000000 0.985915 0.144135
1000 0.03 30.000000  0.000000 1.000000 0.163270
1000 0.03 20.000000  0.000000 1.000000 0.193636
1000 0.03 10.000000  0.000000 1.000000 0.245632
1000 0.03 5.000000  0.000000 1.000000 0.291805
1000 0.03 1.000000  0.000000 1.000000 0.350666
1000 0.03 500.000000  0.000000 0.506944 0.043487
1000 0.03 450.000000  0.000000 0.604167 0.049938
1000 0.03 400.000000  0.000000 0.659722 0.054723
1000 0.03 350.000000  0.000000 0.687500 0.058261
1000 0.03 300.000000  0.000000 0.694444 0.062838
1000 0.03 250.000000  0.000000 0.708333 0.066375
1000 0.03 200.000000  0.000000 0.756944 0.070953
1000 0.03 150.000000  0.000000 0.826389 0.078652
1000 0.03 100.000000  0.000000 0.895833 0.092593
1000 0.03 50.000000  0.000000 0.993056 0.118394
1000 0.03 40.000000  0.000000 1.000000 0.127549
1000 0.03 30.000000  0.000000 1.000000 0.147108
1000 0.03 20.000000  0.000000 1.000000 0.178527
1000 0.03 10.000000  0.000000 1.000000 0.240325
1000 0.03 5.000000  0.000000 1.000000 0.300666
1000 0.03 1.000000  0.000000 1.000000 0.373075
1000 0.03 500.000000  0.000000 0.409639 0.041388
1000 0.03 450.000000  0.000000 0.530120 0.045987
1000 0.03 400.000000  0.000000 0.578313 0.053721
1000 0.03 350.000000  0.000000 0.614458 0.057274
1000 0.03 300.000000  0.000000 0.638554 0.064799
1000 0.03 250.000000  0.000000 0.650602 0.070443
1000 0.03 200.000000  0.000000 0.674699 0.078804
1000 0.03 150.000000  0.000000 0.734940 0.086538
1000 0.03 100.000000  0.000000 0.819277 0.098035
1000 0.03 50.000000  0.000000 0.933735 0.122283
1000 0.03 40.000000  0.000000 0.945783 0.131062
1000 0.03 30.000000  0.000000 0.975904 0.148411
1000 0.03 20.000000  0.000000 0.975904 0.178094
1000 0.03 10.000000  0.000000 0.987952 0.242057
1000 0.03 5.000000  0.000000 0.987952 0.300376
1000 0.03 1.000000  0.000000 0.987952 0.370192
5000 0.03 500.000000  0.000000 0.888158 0.055857
5000 0.03 450.000000  0.000000 0.940789 0.057941
5000 0.03 400.000000  0.000000 0.953947 0.061901
5000 0.03 350.000000  0.000000 0.953947 0.066069
5000 0.03 300.000000  0.000000 0.960526 0.069404
5000 0.03 250.000000  0.000000 0.973684 0.072739
5000 0.03 200.000000  0.000000 0.980263 0.078783
5000 0.03 150.000000  0.000000 0.993421 0.086494
5000 0.03 100.000000  0.000000 1.000000 0.097541
5000 0.03 50.000000  0.000000 1.000000 0.124010
5000 0.03 40.000000  0.000000 1.000000 0.135056
5000 0.03 30.000000  0.000000 1.000000 0.147770
5000 0.03 20.000000  0.000000 1.000000 0.165694
5000 0.03 10.000000  0.000000 1.000000 0.188203
5000 0.03 5.000000  0.000000 1.000000 0.214881
5000 0.03 1.000000  0.000000 1.000000 0.230930
5000 0.03 500.000000  0.000000 0.949275 0.077722
5000 0.03 450.000000  0.000000 0.956522 0.080008
5000 0.03 400.000000  0.000000 0.956522 0.083541
5000 0.03 350.000000  0.000000 0.956522 0.087490
5000 0.03 300.000000  0.000000 0.963768 0.088944
5000 0.03 250.000000  0.000000 0.971014 0.094763
5000 0.03 200.000000  0.000000 0.978261 0.099127
5000 0.03 150.000000  0.000000 0.985507 0.104323
5000 0.03 100.000000  0.000000 0.992754 0.113259
5000 0.03 50.000000  0.000000 0.992754 0.133001
5000 0.03 40.000000  0.000000 0.992754 0.139443
5000 0.03 30.000000  0.000000 0.992754 0.147756
5000 0.03 20.000000  0.000000 0.992754 0.163965
5000 0.03 10.000000  0.000000 0.992754 0.182253
5000 0.03 5.000000  0.000000 0.992754 0.201787
5000 0.03 1.000000  0.000000 0.992754 0.213009
5000 0.03 500.000000  0.000000 0.929577 0.077995
5000 0.03 450.000000  0.000000 0.943662 0.082155
5000 0.03 400.000000  0.000000 0.950704 0.085691
5000 0.03 350.000000  0.000000 0.964789 0.089226
5000 0.03 300.000000  0.000000 0.985915 0.095674
5000 0.03 250.000000  0.000000 1.000000 0.099210
5000 0.03 200.000000  0.000000 1.000000 0.105033
5000 0.03 150.000000  0.000000 1.000000 0.111065
5000 0.03 100.000000  0.000000 1.000000 0.124168
5000 0.03 50.000000  0.000000 1.000000 0.147255
5000 0.03 40.000000  0.000000 1.000000 0.154326
5000 0.03 30.000000  0.000000 1.000000 0.161814
5000 0.03 20.000000  0.000000 1.000000 0.179700
5000 0.03 10.000000  0.000000 1.000000 0.206531
5000 0.03 5.000000  0.000000 1.000000 0.223586
5000 0.03 1.000000  0.000000 1.000000 0.233153
5000 0.03 500.000000  0.000000 0.930556 0.061382
5000 0.03 450.000000  0.000000 0.958333 0.063878
5000 0.03 400.000000  0.000000 0.986111 0.069705
5000 0.03 350.000000  0.000000 0.986111 0.074074
5000 0.03 300.000000  0.000000 0.993056 0.077819
5000 0.03 250.000000  0.000000 0.993056 0.084270
5000 0.03 200.000000  0.000000 0.993056 0.090096
5000 0.03 150.000000  0.000000 1.000000 0.097170
5000 0.03 100.000000  0.000000 1.000000 0.109447
5000 0.03 50.000000  0.000000 1.000000 0.137744
5000 0.03 40.000000  0.000000 1.000000 0.146484
5000 0.03 30.000000  0.000000 1.000000 0.158968
5000 0.03 20.000000  0.000000 1.000000 0.175198
5000 0.03 10.000000  0.000000 1.000000 0.202039
5000 0.03 5.000000  0.000000 1.000000 0.223471
5000 0.03 1.000000  0.000000 1.000000 0.236163
5000 0.03 500.000000  0.000000 0.837349 0.082567
5000 0.03 450.000000  0.000000 0.849398 0.085911
5000 0.03 400.000000  0.000000 0.897590 0.091764
5000 0.03 350.000000  0.000000 0.909639 0.098244
5000 0.03 300.000000  0.000000 0.939759 0.104097
5000 0.03 250.000000  0.000000 0.951807 0.109114
5000 0.03 200.000000  0.000000 0.951807 0.114339
5000 0.03 150.000000  0.000000 0.957831 0.119565
5000 0.03 100.000000  0.000000 0.975904 0.131271
5000 0.03 50.000000  0.000000 0.981928 0.151547
5000 0.03 40.000000  0.000000 0.993976 0.159908
5000 0.03 30.000000  0.000000 0.993976 0.174331
5000 0.03 20.000000  0.000000 0.993976 0.191472
5000 0.03 10.000000  0.000000 0.993976 0.218018
5000 0.03 5.000000  0.000000 0.993976 0.232023
5000 0.03 1.000000  0.000000 0.993976 0.257316
10000 0.03 500.000000  0.000000 0.980263 0.064819
10000 0.03 450.000000  0.000000 0.980263 0.067111
10000 0.03 400.000000  0.000000 0.980263 0.070863
10000 0.03 350.000000  0.000000 0.986842 0.075240
10000 0.03 300.000000  0.000000 0.993421 0.078158
10000 0.03 250.000000  0.000000 1.000000 0.081909
10000 0.03 200.000000  0.000000 1.000000 0.086494
10000 0.03 150.000000  0.000000 1.000000 0.094206
10000 0.03 100.000000  0.000000 1.000000 0.104210
10000 0.03 50.000000  0.000000 1.000000 0.125677
10000 0.03 40.000000  0.000000 1.000000 0.133806
10000 0.03 30.000000  0.000000 1.000000 0.141934
10000 0.03 20.000000  0.000000 1.000000 0.152772
10000 0.03 10.000000  0.000000 1.000000 0.163401
10000 0.03 5.000000  0.000000 1.000000 0.175907
10000 0.03 1.000000  0.000000 1.000000 0.179241
10000 0.03 500.000000  0.000000 0.971014 0.082918
10000 0.03 450.000000  0.000000 0.971014 0.084996
10000 0.03 400.000000  0.000000 0.985507 0.087282
10000 0.03 350.000000  0.000000 0.992754 0.090191
10000 0.03 300.000000  0.000000 0.992754 0.091230
10000 0.03 250.000000  0.000000 0.992754 0.095594
10000 0.03 200.000000  0.000000 0.992754 0.099751
10000 0.03 150.000000  0.000000 0.992754 0.105569
10000 0.03 100.000000  0.000000 0.992754 0.115544
10000 0.03 50.000000  0.000000 0.992754 0.128221
10000 0.03 40.000000  0.000000 0.992754 0.132170
10000 0.03 30.000000  0.000000 0.992754 0.136326
10000 0.03 20.000000  0.000000 0.992754 0.144638
10000 0.03 10.000000  0.000000 0.992754 0.157107
10000 0.03 5.000000  0.000000 0.992754 0.162095
10000 0.03 1.000000  0.000000 0.992754 0.167498
10000 0.03 500.000000  0.000000 1.000000 0.091098
10000 0.03 450.000000  0.000000 1.000000 0.092762
10000 0.03 400.000000  0.000000 1.000000 0.096298
10000 0.03 350.000000  0.000000 1.000000 0.098378
10000 0.03 300.000000  0.000000 1.000000 0.102745
10000 0.03 250.000000  0.000000 1.000000 0.107529
10000 0.03 200.000000  0.000000 1.000000 0.112105
10000 0.03 150.000000  0.000000 1.000000 0.117928
10000 0.03 100.000000  0.000000 1.000000 0.126872
10000 0.03 50.000000  0.000000 1.000000 0.146007
10000 0.03 40.000000  0.000000 1.000000 0.149958
10000 0.03 30.000000  0.000000 1.000000 0.157030
10000 0.03 20.000000  0.000000 1.000000 0.167845
10000 0.03 10.000000  0.000000 1.000000 0.179908
10000 0.03 5.000000  0.000000 1.000000 0.184900
10000 0.03 1.000000  0.000000 1.000000 0.192388
10000 0.03 500.000000  0.000000 0.993056 0.073658
10000 0.03 450.000000  0.000000 1.000000 0.075947
10000 0.03 400.000000  0.000000 1.000000 0.079276
10000 0.03 350.000000  0.000000 1.000000 0.081565
10000 0.03 300.000000  0.000000 1.000000 0.085102
10000 0.03 250.000000  0.000000 1.000000 0.087807
10000 0.03 200.000000  0.000000 1.000000 0.093841
10000 0.03 150.000000  0.000000 1.000000 0.099875
10000 0.03 100.000000  0.000000 1.000000 0.110695
10000 0.03 50.000000  0.000000 1.000000 0.129630
10000 0.03 40.000000  0.000000 1.000000 0.138161
10000 0.03 30.000000  0.000000 1.000000 0.146275
10000 0.03 20.000000  0.000000 1.000000 0.153766
10000 0.03 10.000000  0.000000 1.000000 0.164586
10000 0.03 5.000000  0.000000 1.000000 0.170204
10000 0.03 1.000000  0.000000 1.000000 0.176654
10000 0.03 500.000000  0.000000 0.951807 0.093227
10000 0.03 450.000000  0.000000 0.951807 0.095318
10000 0.03 400.000000  0.000000 0.951807 0.096990
10000 0.03 350.000000  0.000000 0.963855 0.099080
10000 0.03 300.000000  0.000000 0.969880 0.101380
10000 0.03 250.000000  0.000000 0.969880 0.108487
10000 0.03 200.000000  0.000000 0.981928 0.113712
10000 0.03 150.000000  0.000000 0.987952 0.117684
10000 0.03 100.000000  0.000000 0.987952 0.129808
10000 0.03 50.000000  0.000000 1.000000 0.148411
10000 0.03 40.000000  0.000000 1.000000 0.154264
10000 0.03 30.000000  0.000000 1.000000 0.165343
10000 0.03 20.000000  0.000000 1.000000 0.173495
10000 0.03 10.000000  0.000000 1.000000 0.191472
10000 0.03 5.000000  0.000000 1.000000 0.197324
10000 0.03 1.000000  0.000000 1.000000 0.206522
