% N density lambda LLtest TP FP
50 0.07 500.000000  0.000000 0.110169 0.069843
50 0.07 450.000000  0.000000 0.110169 0.071584
50 0.07 400.000000  0.000000 0.110169 0.071802
50 0.07 350.000000  0.000000 0.110169 0.072019
50 0.07 300.000000  0.000000 0.110169 0.073542
50 0.07 250.000000  0.000000 0.112994 0.073977
50 0.07 200.000000  0.000000 0.112994 0.074848
50 0.07 150.000000  0.000000 0.115819 0.075936
50 0.07 100.000000  0.000000 0.118644 0.076806
50 0.07 50.000000  0.000000 0.121469 0.079199
50 0.07 40.000000  0.000000 0.132768 0.082898
50 0.07 30.000000  0.000000 0.132768 0.083986
50 0.07 20.000000  0.000000 0.138418 0.085292
50 0.07 10.000000  0.000000 0.141243 0.091601
50 0.07 5.000000  0.000000 0.144068 0.096606
50 0.07 1.000000  0.000000 0.146893 0.104874
50 0.07 0.500000  0.000000 0.152542 0.106179
50 0.07 0.100000  0.000000 0.152542 0.110096
50 0.07 500.000000  0.000000 0.160665 0.079102
50 0.07 450.000000  0.000000 0.168975 0.086293
50 0.07 400.000000  0.000000 0.188366 0.097189
50 0.07 350.000000  0.000000 0.210526 0.108085
50 0.07 300.000000  0.000000 0.232687 0.116147
50 0.07 250.000000  0.000000 0.263158 0.124864
50 0.07 200.000000  0.000000 0.290859 0.134670
50 0.07 150.000000  0.000000 0.324100 0.146437
50 0.07 100.000000  0.000000 0.346260 0.167139
50 0.07 50.000000  0.000000 0.398892 0.198518
50 0.07 40.000000  0.000000 0.421053 0.207453
50 0.07 30.000000  0.000000 0.440443 0.216605
50 0.07 20.000000  0.000000 0.470914 0.234474
50 0.07 10.000000  0.000000 0.556787 0.273044
50 0.07 5.000000  0.000000 0.626039 0.305295
50 0.07 1.000000  0.000000 0.673130 0.388102
50 0.07 0.500000  0.000000 0.681440 0.409239
50 0.07 0.100000  0.000000 0.689751 0.432556
50 0.08 500.000000  0.000000 0.145503 0.062555
50 0.08 450.000000  0.000000 0.153439 0.067367
50 0.08 400.000000  0.000000 0.182540 0.078521
50 0.08 350.000000  0.000000 0.206349 0.087489
50 0.08 300.000000  0.000000 0.227513 0.095363
50 0.08 250.000000  0.000000 0.246032 0.102362
50 0.08 200.000000  0.000000 0.269841 0.110236
50 0.08 150.000000  0.000000 0.293651 0.121610
50 0.08 100.000000  0.000000 0.333333 0.138889
50 0.08 50.000000  0.000000 0.407407 0.170822
50 0.08 40.000000  0.000000 0.407407 0.178259
50 0.08 30.000000  0.000000 0.431217 0.192257
50 0.08 20.000000  0.000000 0.486772 0.212161
50 0.08 10.000000  0.000000 0.558201 0.250437
50 0.08 5.000000  0.000000 0.632275 0.297682
50 0.08 1.000000  0.000000 0.711640 0.392826
50 0.08 0.500000  0.000000 0.724868 0.417760
50 0.08 0.100000  0.000000 0.743386 0.445101
50 0.08 500.000000  0.000000 0.096104 0.057174
50 0.08 450.000000  0.000000 0.096104 0.057393
50 0.08 400.000000  0.000000 0.096104 0.058050
50 0.08 350.000000  0.000000 0.098701 0.058488
50 0.08 300.000000  0.000000 0.098701 0.059803
50 0.08 250.000000  0.000000 0.098701 0.060679
50 0.08 200.000000  0.000000 0.098701 0.061774
50 0.08 150.000000  0.000000 0.106494 0.063308
50 0.08 100.000000  0.000000 0.116883 0.067470
50 0.08 50.000000  0.000000 0.142857 0.075575
50 0.08 40.000000  0.000000 0.155844 0.078204
50 0.08 30.000000  0.000000 0.171429 0.081928
50 0.08 20.000000  0.000000 0.187013 0.088499
50 0.08 10.000000  0.000000 0.220779 0.099890
50 0.08 5.000000  0.000000 0.233766 0.109529
50 0.08 1.000000  0.000000 0.267532 0.132968
50 0.08 0.500000  0.000000 0.275325 0.136692
50 0.08 0.100000  0.000000 0.283117 0.147426
50 0.08 500.000000  0.000000 0.107527 0.062036
50 0.08 450.000000  0.000000 0.107527 0.062691
50 0.08 400.000000  0.000000 0.110215 0.064220
50 0.08 350.000000  0.000000 0.110215 0.066186
50 0.08 300.000000  0.000000 0.110215 0.067060
50 0.08 250.000000  0.000000 0.112903 0.067715
50 0.08 200.000000  0.000000 0.115591 0.068807
50 0.08 150.000000  0.000000 0.137097 0.071865
50 0.08 100.000000  0.000000 0.163978 0.081695
50 0.08 50.000000  0.000000 0.223118 0.097422
50 0.08 40.000000  0.000000 0.244624 0.110965
50 0.08 30.000000  0.000000 0.260753 0.119703
50 0.08 20.000000  0.000000 0.279570 0.126256
50 0.08 10.000000  0.000000 0.327957 0.140017
50 0.08 5.000000  0.000000 0.349462 0.157711
50 0.08 1.000000  0.000000 0.379032 0.198340
50 0.08 0.500000  0.000000 0.389785 0.207077
50 0.08 0.100000  0.000000 0.395161 0.219528
100 0.07 500.000000  0.000000 0.115819 0.079852
100 0.07 450.000000  0.000000 0.124294 0.084639
100 0.07 400.000000  0.000000 0.124294 0.085074
100 0.07 350.000000  0.000000 0.124294 0.085074
100 0.07 300.000000  0.000000 0.124294 0.085292
100 0.07 250.000000  0.000000 0.124294 0.085944
100 0.07 200.000000  0.000000 0.127119 0.086379
100 0.07 150.000000  0.000000 0.129944 0.087685
100 0.07 100.000000  0.000000 0.132768 0.089643
100 0.07 50.000000  0.000000 0.135593 0.093124
100 0.07 40.000000  0.000000 0.141243 0.093560
100 0.07 30.000000  0.000000 0.141243 0.094430
100 0.07 20.000000  0.000000 0.144068 0.097476
100 0.07 10.000000  0.000000 0.146893 0.100522
100 0.07 5.000000  0.000000 0.161017 0.109878
100 0.07 1.000000  0.000000 0.163842 0.118364
100 0.07 0.500000  0.000000 0.163842 0.120322
100 0.07 0.100000  0.000000 0.169492 0.124674
100 0.07 500.000000  0.000000 0.249307 0.095446
100 0.07 450.000000  0.000000 0.260388 0.101111
100 0.07 400.000000  0.000000 0.282548 0.108085
100 0.07 350.000000  0.000000 0.296399 0.117891
100 0.07 300.000000  0.000000 0.307479 0.129004
100 0.07 250.000000  0.000000 0.326870 0.139028
100 0.07 200.000000  0.000000 0.340720 0.148834
100 0.07 150.000000  0.000000 0.362881 0.159512
100 0.07 100.000000  0.000000 0.407202 0.184136
100 0.07 50.000000  0.000000 0.490305 0.213336
100 0.07 40.000000  0.000000 0.504155 0.220963
100 0.07 30.000000  0.000000 0.520776 0.232513
100 0.07 20.000000  0.000000 0.548476 0.250599
100 0.07 10.000000  0.000000 0.620499 0.286991
100 0.07 5.000000  0.000000 0.673130 0.326869
100 0.07 1.000000  0.000000 0.731302 0.395293
100 0.07 0.500000  0.000000 0.736842 0.404010
100 0.07 0.100000  0.000000 0.742382 0.411854
100 0.08 500.000000  0.000000 0.208995 0.085083
100 0.08 450.000000  0.000000 0.211640 0.087270
100 0.08 400.000000  0.000000 0.232804 0.094488
100 0.08 350.000000  0.000000 0.261905 0.104987
100 0.08 300.000000  0.000000 0.285714 0.111767
100 0.08 250.000000  0.000000 0.314815 0.122703
100 0.08 200.000000  0.000000 0.338624 0.133202
100 0.08 150.000000  0.000000 0.373016 0.148950
100 0.08 100.000000  0.000000 0.404762 0.165792
100 0.08 50.000000  0.000000 0.470899 0.195319
100 0.08 40.000000  0.000000 0.500000 0.204506
100 0.08 30.000000  0.000000 0.523810 0.216535
100 0.08 20.000000  0.000000 0.574074 0.234252
100 0.08 10.000000  0.000000 0.650794 0.276903
100 0.08 5.000000  0.000000 0.682540 0.313867
100 0.08 1.000000  0.000000 0.759259 0.389545
100 0.08 0.500000  0.000000 0.764550 0.399169
100 0.08 0.100000  0.000000 0.767196 0.415354
100 0.08 500.000000  0.000000 0.119481 0.064622
100 0.08 450.000000  0.000000 0.119481 0.064841
100 0.08 400.000000  0.000000 0.119481 0.066594
100 0.08 350.000000  0.000000 0.122078 0.067689
100 0.08 300.000000  0.000000 0.127273 0.069880
100 0.08 250.000000  0.000000 0.132468 0.073165
100 0.08 200.000000  0.000000 0.140260 0.075794
100 0.08 150.000000  0.000000 0.155844 0.078642
100 0.08 100.000000  0.000000 0.189610 0.085652
100 0.08 50.000000  0.000000 0.233766 0.103176
100 0.08 40.000000  0.000000 0.238961 0.109748
100 0.08 30.000000  0.000000 0.257143 0.113472
100 0.08 20.000000  0.000000 0.272727 0.119825
100 0.08 10.000000  0.000000 0.290909 0.130997
100 0.08 5.000000  0.000000 0.296104 0.142826
100 0.08 1.000000  0.000000 0.316883 0.157503
100 0.08 0.500000  0.000000 0.316883 0.159693
100 0.08 0.100000  0.000000 0.319481 0.164294
100 0.08 500.000000  0.000000 0.120968 0.065312
100 0.08 450.000000  0.000000 0.131720 0.069681
100 0.08 400.000000  0.000000 0.131720 0.071865
100 0.08 350.000000  0.000000 0.137097 0.073176
100 0.08 300.000000  0.000000 0.145161 0.076453
100 0.08 250.000000  0.000000 0.150538 0.078637
100 0.08 200.000000  0.000000 0.161290 0.081040
100 0.08 150.000000  0.000000 0.174731 0.086064
100 0.08 100.000000  0.000000 0.196237 0.096330
100 0.08 50.000000  0.000000 0.236559 0.112058
100 0.08 40.000000  0.000000 0.263441 0.116426
100 0.08 30.000000  0.000000 0.274194 0.122106
100 0.08 20.000000  0.000000 0.293011 0.129969
100 0.08 10.000000  0.000000 0.330645 0.145697
100 0.08 5.000000  0.000000 0.349462 0.160114
100 0.08 1.000000  0.000000 0.362903 0.186763
100 0.08 0.500000  0.000000 0.365591 0.190913
100 0.08 0.100000  0.000000 0.370968 0.198995
200 0.07 500.000000  0.000000 0.138418 0.084856
200 0.07 450.000000  0.000000 0.144068 0.088773
200 0.07 400.000000  0.000000 0.144068 0.088773
200 0.07 350.000000  0.000000 0.144068 0.088990
200 0.07 300.000000  0.000000 0.144068 0.089861
200 0.07 250.000000  0.000000 0.144068 0.090513
200 0.07 200.000000  0.000000 0.146893 0.092254
200 0.07 150.000000  0.000000 0.146893 0.093342
200 0.07 100.000000  0.000000 0.146893 0.094865
200 0.07 50.000000  0.000000 0.161017 0.098129
200 0.07 40.000000  0.000000 0.163842 0.099869
200 0.07 30.000000  0.000000 0.166667 0.102045
200 0.07 20.000000  0.000000 0.166667 0.103786
200 0.07 10.000000  0.000000 0.172316 0.107050
200 0.07 5.000000  0.000000 0.177966 0.113359
200 0.07 1.000000  0.000000 0.186441 0.122498
200 0.07 0.500000  0.000000 0.186441 0.122498
200 0.07 0.100000  0.000000 0.189266 0.124456
200 0.07 500.000000  0.000000 0.293629 0.104816
200 0.07 450.000000  0.000000 0.299169 0.109174
200 0.07 400.000000  0.000000 0.310249 0.114840
200 0.07 350.000000  0.000000 0.318560 0.125082
200 0.07 300.000000  0.000000 0.337950 0.134452
200 0.07 250.000000  0.000000 0.357341 0.145565
200 0.07 200.000000  0.000000 0.385042 0.160166
200 0.07 150.000000  0.000000 0.412742 0.173022
200 0.07 100.000000  0.000000 0.457064 0.191763
200 0.07 50.000000  0.000000 0.520776 0.228372
200 0.07 40.000000  0.000000 0.545706 0.240575
200 0.07 30.000000  0.000000 0.570637 0.250599
200 0.07 20.000000  0.000000 0.614958 0.270429
200 0.07 10.000000  0.000000 0.659280 0.303116
200 0.07 5.000000  0.000000 0.681440 0.333406
200 0.07 1.000000  0.000000 0.698061 0.373284
200 0.07 0.500000  0.000000 0.711911 0.385051
200 0.07 0.100000  0.000000 0.711911 0.386359
200 0.08 500.000000  0.000000 0.240741 0.102581
200 0.08 450.000000  0.000000 0.283069 0.109361
200 0.08 400.000000  0.000000 0.291005 0.112861
200 0.08 350.000000  0.000000 0.306878 0.119860
200 0.08 300.000000  0.000000 0.325397 0.129484
200 0.08 250.000000  0.000000 0.341270 0.136920
200 0.08 200.000000  0.000000 0.370370 0.149825
200 0.08 150.000000  0.000000 0.402116 0.164479
200 0.08 100.000000  0.000000 0.457672 0.185039
200 0.08 50.000000  0.000000 0.544974 0.214129
200 0.08 40.000000  0.000000 0.589947 0.229878
200 0.08 30.000000  0.000000 0.624339 0.237752
200 0.08 20.000000  0.000000 0.671958 0.254374
200 0.08 10.000000  0.000000 0.730159 0.290245
200 0.08 5.000000  0.000000 0.743386 0.324803
200 0.08 1.000000  0.000000 0.777778 0.376859
200 0.08 0.500000  0.000000 0.780423 0.388451
200 0.08 0.100000  0.000000 0.783069 0.391951
200 0.08 500.000000  0.000000 0.148052 0.077108
200 0.08 450.000000  0.000000 0.148052 0.077547
200 0.08 400.000000  0.000000 0.158442 0.080394
200 0.08 350.000000  0.000000 0.161039 0.082585
200 0.08 300.000000  0.000000 0.168831 0.086747
200 0.08 250.000000  0.000000 0.187013 0.095071
200 0.08 200.000000  0.000000 0.202597 0.102738
200 0.08 150.000000  0.000000 0.215584 0.109748
200 0.08 100.000000  0.000000 0.238961 0.120482
200 0.08 50.000000  0.000000 0.262338 0.136035
200 0.08 40.000000  0.000000 0.264935 0.139102
200 0.08 30.000000  0.000000 0.267532 0.144797
200 0.08 20.000000  0.000000 0.280519 0.150712
200 0.08 10.000000  0.000000 0.301299 0.160570
200 0.08 5.000000  0.000000 0.309091 0.169770
200 0.08 1.000000  0.000000 0.314286 0.184009
200 0.08 0.500000  0.000000 0.314286 0.184885
200 0.08 0.100000  0.000000 0.316883 0.190142
200 0.08 500.000000  0.000000 0.190860 0.082569
200 0.08 450.000000  0.000000 0.190860 0.083443
200 0.08 400.000000  0.000000 0.204301 0.084753
200 0.08 350.000000  0.000000 0.209677 0.086719
200 0.08 300.000000  0.000000 0.215054 0.090214
200 0.08 250.000000  0.000000 0.223118 0.093927
200 0.08 200.000000  0.000000 0.239247 0.097422
200 0.08 150.000000  0.000000 0.263441 0.103539
200 0.08 100.000000  0.000000 0.279570 0.113805
200 0.08 50.000000  0.000000 0.336022 0.126474
200 0.08 40.000000  0.000000 0.346774 0.133464
200 0.08 30.000000  0.000000 0.360215 0.136304
200 0.08 20.000000  0.000000 0.376344 0.145915
200 0.08 10.000000  0.000000 0.392473 0.157055
200 0.08 5.000000  0.000000 0.400538 0.169069
200 0.08 1.000000  0.000000 0.411290 0.188073
200 0.08 0.500000  0.000000 0.411290 0.190258
200 0.08 0.100000  0.000000 0.413978 0.192442
500 0.07 500.000000  0.000000 0.141243 0.090731
500 0.07 450.000000  0.000000 0.149718 0.095083
500 0.07 400.000000  0.000000 0.149718 0.095518
500 0.07 350.000000  0.000000 0.149718 0.096388
500 0.07 300.000000  0.000000 0.149718 0.096388
500 0.07 250.000000  0.000000 0.155367 0.097911
500 0.07 200.000000  0.000000 0.158192 0.099434
500 0.07 150.000000  0.000000 0.161017 0.100087
500 0.07 100.000000  0.000000 0.166667 0.103786
500 0.07 50.000000  0.000000 0.186441 0.110096
500 0.07 40.000000  0.000000 0.186441 0.110966
500 0.07 30.000000  0.000000 0.186441 0.112054
500 0.07 20.000000  0.000000 0.189266 0.115535
500 0.07 10.000000  0.000000 0.194915 0.122280
500 0.07 5.000000  0.000000 0.197740 0.125109
500 0.07 1.000000  0.000000 0.197740 0.130113
500 0.07 0.500000  0.000000 0.197740 0.130983
500 0.07 0.100000  0.000000 0.197740 0.130983
500 0.07 500.000000  0.000000 0.415512 0.132491
500 0.07 450.000000  0.000000 0.426593 0.135759
500 0.07 400.000000  0.000000 0.434903 0.141643
500 0.07 350.000000  0.000000 0.448753 0.146001
500 0.07 300.000000  0.000000 0.459834 0.152321
500 0.07 250.000000  0.000000 0.487535 0.161909
500 0.07 200.000000  0.000000 0.504155 0.178252
500 0.07 150.000000  0.000000 0.526316 0.190020
500 0.07 100.000000  0.000000 0.578947 0.211593
500 0.07 50.000000  0.000000 0.642659 0.239050
500 0.07 40.000000  0.000000 0.664820 0.248202
500 0.07 30.000000  0.000000 0.681440 0.262149
500 0.07 20.000000  0.000000 0.709141 0.277620
500 0.07 10.000000  0.000000 0.720222 0.297668
500 0.07 5.000000  0.000000 0.739612 0.325125
500 0.07 1.000000  0.000000 0.747922 0.341033
500 0.07 0.500000  0.000000 0.747922 0.341033
500 0.07 0.100000  0.000000 0.747922 0.344302
500 0.08 500.000000  0.000000 0.333333 0.138670
500 0.08 450.000000  0.000000 0.349206 0.142388
500 0.08 400.000000  0.000000 0.357143 0.145232
500 0.08 350.000000  0.000000 0.362434 0.148950
500 0.08 300.000000  0.000000 0.373016 0.153106
500 0.08 250.000000  0.000000 0.394180 0.159668
500 0.08 200.000000  0.000000 0.428571 0.171916
500 0.08 150.000000  0.000000 0.484127 0.189851
500 0.08 100.000000  0.000000 0.521164 0.203193
500 0.08 50.000000  0.000000 0.619048 0.236877
500 0.08 40.000000  0.000000 0.640212 0.243438
500 0.08 30.000000  0.000000 0.653439 0.253718
500 0.08 20.000000  0.000000 0.682540 0.269029
500 0.08 10.000000  0.000000 0.698413 0.293307
500 0.08 5.000000  0.000000 0.716931 0.316710
500 0.08 1.000000  0.000000 0.722222 0.338583
500 0.08 0.500000  0.000000 0.727513 0.340989
500 0.08 0.100000  0.000000 0.727513 0.342301
500 0.08 500.000000  0.000000 0.194805 0.097919
500 0.08 450.000000  0.000000 0.207792 0.102957
500 0.08 400.000000  0.000000 0.207792 0.105805
500 0.08 350.000000  0.000000 0.223377 0.109748
500 0.08 300.000000  0.000000 0.231169 0.117196
500 0.08 250.000000  0.000000 0.246753 0.121139
500 0.08 200.000000  0.000000 0.262338 0.125082
500 0.08 150.000000  0.000000 0.285714 0.131216
500 0.08 100.000000  0.000000 0.293506 0.137568
500 0.08 50.000000  0.000000 0.306494 0.147645
500 0.08 40.000000  0.000000 0.324675 0.151807
500 0.08 30.000000  0.000000 0.340260 0.156407
500 0.08 20.000000  0.000000 0.345455 0.163198
500 0.08 10.000000  0.000000 0.355844 0.171084
500 0.08 5.000000  0.000000 0.355844 0.177875
500 0.08 1.000000  0.000000 0.361039 0.184447
500 0.08 0.500000  0.000000 0.361039 0.186199
500 0.08 0.100000  0.000000 0.361039 0.186199
500 0.08 500.000000  0.000000 0.250000 0.106597
500 0.08 450.000000  0.000000 0.258065 0.109218
500 0.08 400.000000  0.000000 0.263441 0.112495
500 0.08 350.000000  0.000000 0.276882 0.116645
500 0.08 300.000000  0.000000 0.282258 0.119921
500 0.08 250.000000  0.000000 0.287634 0.123416
500 0.08 200.000000  0.000000 0.317204 0.129096
500 0.08 150.000000  0.000000 0.336022 0.140236
500 0.08 100.000000  0.000000 0.357527 0.150721
500 0.08 50.000000  0.000000 0.381720 0.164264
500 0.08 40.000000  0.000000 0.392473 0.172128
500 0.08 30.000000  0.000000 0.397849 0.178899
500 0.08 20.000000  0.000000 0.400538 0.184797
500 0.08 10.000000  0.000000 0.416667 0.197685
500 0.08 5.000000  0.000000 0.424731 0.209699
500 0.08 1.000000  0.000000 0.430108 0.217562
500 0.08 0.500000  0.000000 0.430108 0.219965
500 0.08 0.100000  0.000000 0.430108 0.220402
1000 0.07 500.000000  0.000000 0.144068 0.095518
1000 0.07 450.000000  0.000000 0.158192 0.105091
1000 0.07 400.000000  0.000000 0.158192 0.105091
1000 0.07 350.000000  0.000000 0.163842 0.105962
1000 0.07 300.000000  0.000000 0.172316 0.109225
1000 0.07 250.000000  0.000000 0.172316 0.110748
1000 0.07 200.000000  0.000000 0.175141 0.112707
1000 0.07 150.000000  0.000000 0.180791 0.113795
1000 0.07 100.000000  0.000000 0.186441 0.117058
1000 0.07 50.000000  0.000000 0.197740 0.121845
1000 0.07 40.000000  0.000000 0.197740 0.122063
1000 0.07 30.000000  0.000000 0.200565 0.123803
1000 0.07 20.000000  0.000000 0.206215 0.125979
1000 0.07 10.000000  0.000000 0.206215 0.132724
1000 0.07 5.000000  0.000000 0.209040 0.134682
1000 0.07 1.000000  0.000000 0.211864 0.137076
1000 0.07 0.500000  0.000000 0.211864 0.137076
1000 0.07 0.100000  0.000000 0.211864 0.137728
1000 0.07 500.000000  0.000000 0.454294 0.167575
1000 0.07 450.000000  0.000000 0.470914 0.169100
1000 0.07 400.000000  0.000000 0.476454 0.173894
1000 0.07 350.000000  0.000000 0.484765 0.178906
1000 0.07 300.000000  0.000000 0.509695 0.186315
1000 0.07 250.000000  0.000000 0.534626 0.192852
1000 0.07 200.000000  0.000000 0.559557 0.202876
1000 0.07 150.000000  0.000000 0.598338 0.214208
1000 0.07 100.000000  0.000000 0.653740 0.234474
1000 0.07 50.000000  0.000000 0.703601 0.260623
1000 0.07 40.000000  0.000000 0.709141 0.272608
1000 0.07 30.000000  0.000000 0.720222 0.279146
1000 0.07 20.000000  0.000000 0.728532 0.296797
1000 0.07 10.000000  0.000000 0.736842 0.305731
1000 0.07 5.000000  0.000000 0.742382 0.321639
1000 0.07 1.000000  0.000000 0.742382 0.332316
1000 0.07 0.500000  0.000000 0.742382 0.332970
1000 0.07 0.100000  0.000000 0.750693 0.334931
1000 0.08 500.000000  0.000000 0.388889 0.162511
1000 0.08 450.000000  0.000000 0.407407 0.166010
1000 0.08 400.000000  0.000000 0.428571 0.171479
1000 0.08 350.000000  0.000000 0.441799 0.178259
1000 0.08 300.000000  0.000000 0.452381 0.181321
1000 0.08 250.000000  0.000000 0.473545 0.189195
1000 0.08 200.000000  0.000000 0.510582 0.195976
1000 0.08 150.000000  0.000000 0.547619 0.203193
1000 0.08 100.000000  0.000000 0.595238 0.219816
1000 0.08 50.000000  0.000000 0.664021 0.250656
1000 0.08 40.000000  0.000000 0.687831 0.262248
1000 0.08 30.000000  0.000000 0.701058 0.270560
1000 0.08 20.000000  0.000000 0.706349 0.280621
1000 0.08 10.000000  0.000000 0.711640 0.302493
1000 0.08 5.000000  0.000000 0.714286 0.309493
1000 0.08 1.000000  0.000000 0.714286 0.322835
1000 0.08 0.500000  0.000000 0.714286 0.327209
1000 0.08 0.100000  0.000000 0.714286 0.327209
1000 0.08 500.000000  0.000000 0.218182 0.112377
1000 0.08 450.000000  0.000000 0.231169 0.115444
1000 0.08 400.000000  0.000000 0.259740 0.118949
1000 0.08 350.000000  0.000000 0.264935 0.125739
1000 0.08 300.000000  0.000000 0.270130 0.128149
1000 0.08 250.000000  0.000000 0.272727 0.134283
1000 0.08 200.000000  0.000000 0.275325 0.137349
1000 0.08 150.000000  0.000000 0.280519 0.143045
1000 0.08 100.000000  0.000000 0.290909 0.149179
1000 0.08 50.000000  0.000000 0.316883 0.157284
1000 0.08 40.000000  0.000000 0.329870 0.160570
1000 0.08 30.000000  0.000000 0.335065 0.166046
1000 0.08 20.000000  0.000000 0.340260 0.170208
1000 0.08 10.000000  0.000000 0.353247 0.175685
1000 0.08 5.000000  0.000000 0.353247 0.178532
1000 0.08 1.000000  0.000000 0.353247 0.180723
1000 0.08 0.500000  0.000000 0.353247 0.181818
1000 0.08 0.100000  0.000000 0.353247 0.182037
1000 0.08 500.000000  0.000000 0.290323 0.132154
1000 0.08 450.000000  0.000000 0.303763 0.134775
1000 0.08 400.000000  0.000000 0.311828 0.138052
1000 0.08 350.000000  0.000000 0.322581 0.141547
1000 0.08 300.000000  0.000000 0.333333 0.148318
1000 0.08 250.000000  0.000000 0.352151 0.150939
1000 0.08 200.000000  0.000000 0.365591 0.158148
1000 0.08 150.000000  0.000000 0.387097 0.165574
1000 0.08 100.000000  0.000000 0.408602 0.173875
1000 0.08 50.000000  0.000000 0.422043 0.184797
1000 0.08 40.000000  0.000000 0.430108 0.188947
1000 0.08 30.000000  0.000000 0.443548 0.195282
1000 0.08 20.000000  0.000000 0.448925 0.201616
1000 0.08 10.000000  0.000000 0.459677 0.211446
1000 0.08 5.000000  0.000000 0.459677 0.214941
1000 0.08 1.000000  0.000000 0.465054 0.227829
1000 0.08 0.500000  0.000000 0.465054 0.228484
1000 0.08 0.100000  0.000000 0.465054 0.229139
5000 0.07 500.000000  0.000000 0.180791 0.097476
5000 0.07 450.000000  0.000000 0.206215 0.113795
5000 0.07 400.000000  0.000000 0.209040 0.118146
5000 0.07 350.000000  0.000000 0.214689 0.119017
5000 0.07 300.000000  0.000000 0.217514 0.122498
5000 0.07 250.000000  0.000000 0.220339 0.123586
5000 0.07 200.000000  0.000000 0.220339 0.124674
5000 0.07 150.000000  0.000000 0.223164 0.125762
5000 0.07 100.000000  0.000000 0.223164 0.127937
5000 0.07 50.000000  0.000000 0.225989 0.130548
5000 0.07 40.000000  0.000000 0.225989 0.130548
5000 0.07 30.000000  0.000000 0.225989 0.134030
5000 0.07 20.000000  0.000000 0.225989 0.134682
5000 0.07 10.000000  0.000000 0.225989 0.136641
5000 0.07 5.000000  0.000000 0.225989 0.137076
5000 0.07 1.000000  0.000000 0.225989 0.137293
5000 0.07 0.500000  0.000000 0.225989 0.137293
5000 0.07 0.100000  0.000000 0.225989 0.137293
5000 0.07 500.000000  0.000000 0.709141 0.247766
5000 0.07 450.000000  0.000000 0.745152 0.253868
5000 0.07 400.000000  0.000000 0.747922 0.257137
5000 0.07 350.000000  0.000000 0.761773 0.264981
5000 0.07 300.000000  0.000000 0.767313 0.268250
5000 0.07 250.000000  0.000000 0.775623 0.276967
5000 0.07 200.000000  0.000000 0.778393 0.286555
5000 0.07 150.000000  0.000000 0.786704 0.301591
5000 0.07 100.000000  0.000000 0.806094 0.316627
5000 0.07 50.000000  0.000000 0.806094 0.331881
5000 0.07 40.000000  0.000000 0.808864 0.336457
5000 0.07 30.000000  0.000000 0.808864 0.339725
5000 0.07 20.000000  0.000000 0.814404 0.348442
5000 0.07 10.000000  0.000000 0.814404 0.353454
5000 0.07 5.000000  0.000000 0.814404 0.354326
5000 0.07 1.000000  0.000000 0.817175 0.358902
5000 0.07 0.500000  0.000000 0.817175 0.358902
5000 0.07 0.100000  0.000000 0.817175 0.358902
5000 0.08 500.000000  0.000000 0.653439 0.242563
5000 0.08 450.000000  0.000000 0.664021 0.248031
5000 0.08 400.000000  0.000000 0.682540 0.251969
5000 0.08 350.000000  0.000000 0.687831 0.255906
5000 0.08 300.000000  0.000000 0.706349 0.264654
5000 0.08 250.000000  0.000000 0.724868 0.271872
5000 0.08 200.000000  0.000000 0.730159 0.276903
5000 0.08 150.000000  0.000000 0.740741 0.288495
5000 0.08 100.000000  0.000000 0.748677 0.299650
5000 0.08 50.000000  0.000000 0.761905 0.319116
5000 0.08 40.000000  0.000000 0.764550 0.321304
5000 0.08 30.000000  0.000000 0.764550 0.324366
5000 0.08 20.000000  0.000000 0.767196 0.336395
5000 0.08 10.000000  0.000000 0.769841 0.342520
5000 0.08 5.000000  0.000000 0.769841 0.345363
5000 0.08 1.000000  0.000000 0.769841 0.347113
5000 0.08 0.500000  0.000000 0.769841 0.347550
5000 0.08 0.100000  0.000000 0.769841 0.347550
5000 0.08 500.000000  0.000000 0.327273 0.145016
5000 0.08 450.000000  0.000000 0.335065 0.150931
5000 0.08 400.000000  0.000000 0.335065 0.153122
5000 0.08 350.000000  0.000000 0.345455 0.155312
5000 0.08 300.000000  0.000000 0.355844 0.158160
5000 0.08 250.000000  0.000000 0.363636 0.160789
5000 0.08 200.000000  0.000000 0.374026 0.163855
5000 0.08 150.000000  0.000000 0.374026 0.166484
5000 0.08 100.000000  0.000000 0.374026 0.170208
5000 0.08 50.000000  0.000000 0.384416 0.177218
5000 0.08 40.000000  0.000000 0.384416 0.177656
5000 0.08 30.000000  0.000000 0.384416 0.181161
5000 0.08 20.000000  0.000000 0.387013 0.181599
5000 0.08 10.000000  0.000000 0.389610 0.183790
5000 0.08 5.000000  0.000000 0.392208 0.184447
5000 0.08 1.000000  0.000000 0.392208 0.184447
5000 0.08 0.500000  0.000000 0.392208 0.184447
5000 0.08 0.100000  0.000000 0.392208 0.184447
5000 0.08 500.000000  0.000000 0.456989 0.184578
5000 0.08 450.000000  0.000000 0.467742 0.187418
5000 0.08 400.000000  0.000000 0.473118 0.191131
5000 0.08 350.000000  0.000000 0.478495 0.194408
5000 0.08 300.000000  0.000000 0.481183 0.197685
5000 0.08 250.000000  0.000000 0.481183 0.203582
5000 0.08 200.000000  0.000000 0.486559 0.210572
5000 0.08 150.000000  0.000000 0.486559 0.214941
5000 0.08 100.000000  0.000000 0.491935 0.222149
5000 0.08 50.000000  0.000000 0.505376 0.227829
5000 0.08 40.000000  0.000000 0.508065 0.230668
5000 0.08 30.000000  0.000000 0.508065 0.233071
5000 0.08 20.000000  0.000000 0.508065 0.237221
5000 0.08 10.000000  0.000000 0.510753 0.238532
5000 0.08 5.000000  0.000000 0.516129 0.241372
5000 0.08 1.000000  0.000000 0.516129 0.242027
5000 0.08 0.500000  0.000000 0.516129 0.242027
5000 0.08 0.100000  0.000000 0.516129 0.242027
10000 0.07 500.000000  0.000000 0.169492 0.100522
10000 0.07 450.000000  0.000000 0.214689 0.125326
10000 0.07 400.000000  0.000000 0.214689 0.127067
10000 0.07 350.000000  0.000000 0.217514 0.129678
10000 0.07 300.000000  0.000000 0.217514 0.129678
10000 0.07 250.000000  0.000000 0.223164 0.130983
10000 0.07 200.000000  0.000000 0.223164 0.131854
10000 0.07 150.000000  0.000000 0.223164 0.133159
10000 0.07 100.000000  0.000000 0.223164 0.134465
10000 0.07 50.000000  0.000000 0.225989 0.137076
10000 0.07 40.000000  0.000000 0.225989 0.137076
10000 0.07 30.000000  0.000000 0.225989 0.137511
10000 0.07 20.000000  0.000000 0.225989 0.137946
10000 0.07 10.000000  0.000000 0.225989 0.137946
10000 0.07 5.000000  0.000000 0.225989 0.138164
10000 0.07 1.000000  0.000000 0.228814 0.138816
10000 0.07 0.500000  0.000000 0.228814 0.138816
10000 0.07 0.100000  0.000000 0.228814 0.138816
10000 0.07 500.000000  0.000000 0.770083 0.285029
10000 0.07 450.000000  0.000000 0.775623 0.285683
10000 0.07 400.000000  0.000000 0.781163 0.290259
10000 0.07 350.000000  0.000000 0.789474 0.295707
10000 0.07 300.000000  0.000000 0.789474 0.300065
10000 0.07 250.000000  0.000000 0.789474 0.304859
10000 0.07 200.000000  0.000000 0.789474 0.316191
10000 0.07 150.000000  0.000000 0.789474 0.321203
10000 0.07 100.000000  0.000000 0.792244 0.331663
10000 0.07 50.000000  0.000000 0.792244 0.346263
10000 0.07 40.000000  0.000000 0.792244 0.348006
10000 0.07 30.000000  0.000000 0.792244 0.350185
10000 0.07 20.000000  0.000000 0.797784 0.355633
10000 0.07 10.000000  0.000000 0.800554 0.356723
10000 0.07 5.000000  0.000000 0.800554 0.361299
10000 0.07 1.000000  0.000000 0.800554 0.361517
10000 0.07 0.500000  0.000000 0.800554 0.361517
10000 0.07 0.100000  0.000000 0.800554 0.361952
10000 0.08 500.000000  0.000000 0.724868 0.279746
10000 0.08 450.000000  0.000000 0.740741 0.288058
10000 0.08 400.000000  0.000000 0.743386 0.290901
10000 0.08 350.000000  0.000000 0.753968 0.296369
10000 0.08 300.000000  0.000000 0.761905 0.300306
10000 0.08 250.000000  0.000000 0.769841 0.306430
10000 0.08 200.000000  0.000000 0.769841 0.308618
10000 0.08 150.000000  0.000000 0.775132 0.320647
10000 0.08 100.000000  0.000000 0.775132 0.327865
10000 0.08 50.000000  0.000000 0.775132 0.339239
10000 0.08 40.000000  0.000000 0.775132 0.339676
10000 0.08 30.000000  0.000000 0.780423 0.345144
10000 0.08 20.000000  0.000000 0.780423 0.345801
10000 0.08 10.000000  0.000000 0.780423 0.348863
10000 0.08 5.000000  0.000000 0.780423 0.350394
10000 0.08 1.000000  0.000000 0.780423 0.352143
10000 0.08 0.500000  0.000000 0.780423 0.352143
10000 0.08 0.100000  0.000000 0.780423 0.352143
10000 0.08 500.000000  0.000000 0.358442 0.146988
10000 0.08 450.000000  0.000000 0.374026 0.160789
10000 0.08 400.000000  0.000000 0.376623 0.161665
10000 0.08 350.000000  0.000000 0.376623 0.163636
10000 0.08 300.000000  0.000000 0.376623 0.167360
10000 0.08 250.000000  0.000000 0.381818 0.170208
10000 0.08 200.000000  0.000000 0.381818 0.172180
10000 0.08 150.000000  0.000000 0.381818 0.175246
10000 0.08 100.000000  0.000000 0.384416 0.176561
10000 0.08 50.000000  0.000000 0.384416 0.180066
10000 0.08 40.000000  0.000000 0.384416 0.180285
10000 0.08 30.000000  0.000000 0.384416 0.182037
10000 0.08 20.000000  0.000000 0.387013 0.182475
10000 0.08 10.000000  0.000000 0.387013 0.182913
10000 0.08 5.000000  0.000000 0.387013 0.182913
10000 0.08 1.000000  0.000000 0.387013 0.184666
10000 0.08 0.500000  0.000000 0.387013 0.184666
10000 0.08 0.100000  0.000000 0.387013 0.184666
10000 0.08 500.000000  0.000000 0.456989 0.197685
10000 0.08 450.000000  0.000000 0.473118 0.207077
10000 0.08 400.000000  0.000000 0.473118 0.207296
10000 0.08 350.000000  0.000000 0.478495 0.210791
10000 0.08 300.000000  0.000000 0.481183 0.213630
10000 0.08 250.000000  0.000000 0.486559 0.215815
10000 0.08 200.000000  0.000000 0.497312 0.219528
10000 0.08 150.000000  0.000000 0.497312 0.221713
10000 0.08 100.000000  0.000000 0.502688 0.225644
10000 0.08 50.000000  0.000000 0.508065 0.232853
10000 0.08 40.000000  0.000000 0.508065 0.233508
10000 0.08 30.000000  0.000000 0.508065 0.234819
10000 0.08 20.000000  0.000000 0.510753 0.237440
10000 0.08 10.000000  0.000000 0.513441 0.238969
10000 0.08 5.000000  0.000000 0.513441 0.239187
10000 0.08 1.000000  0.000000 0.513441 0.239406
10000 0.08 0.500000  0.000000 0.513441 0.239406
10000 0.08 0.100000  0.000000 0.513441 0.239406
