% N density lambda LLtest TP FP
50 0.03 500.000000   0.000000 0.029602 0.006004 
50 0.03 450.000000   0.000000 0.039095 0.007044 
50 0.03 400.000000   0.000000 0.045637 0.008875 
50 0.03 350.000000   0.000000 0.049455 0.010458 
50 0.03 300.000000   0.000000 0.068601 0.012581 
50 0.03 250.000000   0.000000 0.096119 0.016453 
50 0.03 200.000000   0.000000 0.123600 0.019952 
50 0.03 150.000000   0.000000 0.160634 0.024324 
50 0.03 100.000000   0.000000 0.202617 0.029860 
50 0.03 50.000000   0.000000 0.298423 0.042522 
50 0.03 40.000000   0.000000 0.352613 0.049352 
50 0.03 30.000000   0.000000 0.423684 0.058223 
50 0.03 20.000000   0.000000 0.561881 0.075425 
50 0.03 10.000000   0.000000 0.713612 0.121120 
50 0.03 5.000000   0.000000 0.814966 0.202593 
50 0.03 1.000000   0.000000 0.927005 0.447106 
100 0.03 500.000000   0.000000 0.108970 0.018155 
100 0.03 450.000000   0.000000 0.122923 0.019862 
100 0.03 400.000000   0.000000 0.137048 0.021986 
100 0.03 350.000000   0.000000 0.154870 0.024650 
100 0.03 300.000000   0.000000 0.167139 0.026856 
100 0.03 250.000000   0.000000 0.184278 0.029770 
100 0.03 200.000000   0.000000 0.213616 0.033975 
100 0.03 150.000000   0.000000 0.255549 0.038141 
100 0.03 100.000000   0.000000 0.328207 0.046182 
100 0.03 50.000000   0.000000 0.498622 0.064218 
100 0.03 40.000000   0.000000 0.588727 0.073133 
100 0.03 30.000000   0.000000 0.663227 0.085132 
100 0.03 20.000000   0.000000 0.732795 0.105625 
100 0.03 10.000000   0.000000 0.848904 0.163281 
100 0.03 5.000000   0.000000 0.930776 0.254179 
100 0.03 1.000000   0.000000 0.976612 0.479658 
200 0.03 500.000000   0.000000 0.178748 0.020237 
200 0.03 450.000000   0.000000 0.195067 0.022776 
200 0.03 400.000000   0.000000 0.217790 0.025772 
200 0.03 350.000000   0.000000 0.232817 0.028146 
200 0.03 300.000000   0.000000 0.255969 0.030978 
200 0.03 250.000000   0.000000 0.285837 0.034769 
200 0.03 200.000000   0.000000 0.326867 0.039061 
200 0.03 150.000000   0.000000 0.384244 0.044976 
200 0.03 100.000000   0.000000 0.494182 0.054932 
200 0.03 50.000000   0.000000 0.715486 0.076929 
200 0.03 40.000000   0.000000 0.748874 0.087093 
200 0.03 30.000000   0.000000 0.799296 0.102298 
200 0.03 20.000000   0.000000 0.866672 0.128706 
200 0.03 10.000000   0.000000 0.950505 0.196648 
200 0.03 5.000000   0.000000 0.970743 0.290162 
200 0.03 1.000000   0.000000 0.981124 0.466112 
500 0.03 500.000000   0.000000 0.323576 0.032812 
500 0.03 450.000000   0.000000 0.360576 0.036726 
500 0.03 400.000000   0.000000 0.387836 0.040474 
500 0.03 350.000000   0.000000 0.410935 0.043806 
500 0.03 300.000000   0.000000 0.416110 0.047388 
500 0.03 250.000000   0.000000 0.481471 0.053431 
500 0.03 200.000000   0.000000 0.643418 0.061848 
500 0.03 150.000000   0.000000 0.702134 0.069388 
500 0.03 100.000000   0.000000 0.750126 0.080218 
500 0.03 50.000000   0.000000 0.874540 0.106165 
500 0.03 40.000000   0.000000 0.908901 0.117954 
500 0.03 30.000000   0.000000 0.950060 0.133531 
500 0.03 20.000000   0.000000 0.975118 0.162483 
500 0.03 10.000000   0.000000 0.987107 0.228252 
500 0.03 5.000000   0.000000 0.994936 0.303280 
500 0.03 1.000000   0.000000 0.994936 0.412754 
1000 0.03 500.000000   0.000000 0.476998 0.043897 
1000 0.03 450.000000   0.000000 0.580075 0.049437 
1000 0.03 400.000000   0.000000 0.664599 0.055852 
1000 0.03 350.000000   0.000000 0.691600 0.061060 
1000 0.03 300.000000   0.000000 0.704918 0.065726 
1000 0.03 250.000000   0.000000 0.725089 0.069932 
1000 0.03 200.000000   0.000000 0.748329 0.075723 
1000 0.03 150.000000   0.000000 0.805945 0.083385 
1000 0.03 100.000000   0.000000 0.884123 0.095133 
1000 0.03 50.000000   0.000000 0.971259 0.119959 
1000 0.03 40.000000   0.000000 0.979209 0.129833 
1000 0.03 30.000000   0.000000 0.985792 0.146452 
1000 0.03 20.000000   0.000000 0.990966 0.175239 
1000 0.03 10.000000   0.000000 0.996141 0.235971 
1000 0.03 5.000000   0.000000 0.996141 0.287370 
1000 0.03 1.000000   0.000000 0.996141 0.357941 
5000 0.03 500.000000   0.000000 0.903175 0.070144 
5000 0.03 450.000000   0.000000 0.933704 0.072934 
5000 0.03 400.000000   0.000000 0.949179 0.077434 
5000 0.03 350.000000   0.000000 0.953404 0.081475 
5000 0.03 300.000000   0.000000 0.966236 0.086934 
5000 0.03 250.000000   0.000000 0.974094 0.091847 
5000 0.03 200.000000   0.000000 0.979473 0.098097 
5000 0.03 150.000000   0.000000 0.987596 0.105428 
5000 0.03 100.000000   0.000000 0.993731 0.116176 
5000 0.03 50.000000   0.000000 0.996141 0.139751 
5000 0.03 40.000000   0.000000 0.996141 0.149414 
5000 0.03 30.000000   0.000000 0.997346 0.160704 
5000 0.03 20.000000   0.000000 0.997346 0.178408 
5000 0.03 10.000000   0.000000 0.997346 0.200987 
5000 0.03 5.000000   0.000000 0.997346 0.218026 
5000 0.03 1.000000   0.000000 0.997346 0.231107 
10000 0.03 500.000000   0.000000 0.978023 0.080936 
10000 0.03 450.000000   0.000000 0.978023 0.082895 
10000 0.03 400.000000   0.000000 0.983516 0.085894 
10000 0.03 350.000000   0.000000 0.988579 0.088226 
10000 0.03 300.000000   0.000000 0.992527 0.091101 
10000 0.03 250.000000   0.000000 0.992527 0.094599 
10000 0.03 200.000000   0.000000 0.992527 0.099100 
10000 0.03 150.000000   0.000000 0.994936 0.106180 
10000 0.03 100.000000   0.000000 0.997346 0.114676 
10000 0.03 50.000000   0.000000 0.997346 0.134882 
10000 0.03 40.000000   0.000000 0.997346 0.139298 
10000 0.03 30.000000   0.000000 0.998551 0.146256 
10000 0.03 20.000000   0.000000 0.998551 0.154879 
10000 0.03 10.000000   0.000000 0.998551 0.170089 
10000 0.03 5.000000   0.000000 0.998551 0.177546 
10000 0.03 1.000000   0.000000 0.998551 0.184085 
