% N density lambda LLtest TP FP
50 0.05 500.000000   0.000000 0.000000 0.000000 
50 0.05 450.000000   0.000000 0.000000 0.000000 
50 0.05 400.000000   0.000000 0.000000 0.000000 
50 0.05 350.000000   0.000000 0.000000 0.000000 
50 0.05 300.000000   0.000000 0.000000 0.000000 
50 0.05 250.000000   0.000000 0.000000 0.000000 
50 0.05 200.000000   0.000000 0.000000 0.000000 
50 0.05 150.000000   0.000000 0.000000 0.000000 
50 0.05 100.000000   0.000000 0.000000 0.000000 
50 0.05 50.000000   0.000000 0.000000 0.000000 
50 0.05 40.000000   0.000000 0.000000 0.000000 
50 0.05 30.000000   0.000000 0.000000 0.000000 
50 0.05 20.000000   0.000000 0.000000 0.000000 
50 0.05 10.000000   0.000000 0.008248 0.003052 
50 0.05 5.000000   0.000000 0.138792 0.095896 
50 0.05 1.000000   0.000000 0.529793 0.488093 
100 0.05 500.000000   0.000000 0.000000 0.000000 
100 0.05 450.000000   0.000000 0.000000 0.000000 
100 0.05 400.000000   0.000000 0.000000 0.000000 
100 0.05 350.000000   0.000000 0.000000 0.000000 
100 0.05 300.000000   0.000000 0.000000 0.000000 
100 0.05 250.000000   0.000000 0.000000 0.000000 
100 0.05 200.000000   0.000000 0.000000 0.000000 
100 0.05 150.000000   0.000000 0.000000 0.000000 
100 0.05 100.000000   0.000000 0.000000 0.000000 
100 0.05 50.000000   0.000000 0.000000 0.000000 
100 0.05 40.000000   0.000000 0.000000 0.000000 
100 0.05 30.000000   0.000000 0.000000 0.000000 
100 0.05 20.000000   0.000000 0.000623 0.000049 
100 0.05 10.000000   0.000000 0.068476 0.024976 
100 0.05 5.000000   0.000000 0.283613 0.185301 
100 0.05 1.000000   0.000000 0.648825 0.587513 
200 0.05 500.000000   0.000000 0.000000 0.000000 
200 0.05 450.000000   0.000000 0.000000 0.000000 
200 0.05 400.000000   0.000000 0.000000 0.000000 
200 0.05 350.000000   0.000000 0.000000 0.000000 
200 0.05 300.000000   0.000000 0.000000 0.000000 
200 0.05 250.000000   0.000000 0.000000 0.000000 
200 0.05 200.000000   0.000000 0.000000 0.000000 
200 0.05 150.000000   0.000000 0.000000 0.000000 
200 0.05 100.000000   0.000000 0.000000 0.000000 
200 0.05 50.000000   0.000000 0.000000 0.000000 
200 0.05 40.000000   0.000000 0.000000 0.000000 
200 0.05 30.000000   0.000000 0.000856 0.000023 
200 0.05 20.000000   0.000000 0.020732 0.001869 
200 0.05 10.000000   0.000000 0.217996 0.084061 
200 0.05 5.000000   0.000000 0.447053 0.281065 
200 0.05 1.000000   0.000000 0.724509 0.624405 
500 0.05 500.000000   0.000000 0.000000 0.000000 
500 0.05 450.000000   0.000000 0.000000 0.000000 
500 0.05 400.000000   0.000000 0.000000 0.000000 
500 0.05 350.000000   0.000000 0.000000 0.000000 
500 0.05 300.000000   0.000000 0.000000 0.000000 
500 0.05 250.000000   0.000000 0.000000 0.000000 
500 0.05 200.000000   0.000000 0.000000 0.000000 
500 0.05 150.000000   0.000000 0.000000 0.000000 
500 0.05 100.000000   0.000000 0.000000 0.000000 
500 0.05 50.000000   0.000000 0.002802 0.000000 
500 0.05 40.000000   0.000000 0.019062 0.000113 
500 0.05 30.000000   0.000000 0.083863 0.002476 
500 0.05 20.000000   0.000000 0.257633 0.030687 
500 0.05 10.000000   0.000000 0.528167 0.188466 
500 0.05 5.000000   0.000000 0.682623 0.378887 
500 0.05 1.000000   0.000000 0.813514 0.613930 
1000 0.05 500.000000   0.000000 0.000000 0.000000 
1000 0.05 450.000000   0.000000 0.000000 0.000000 
1000 0.05 400.000000   0.000000 0.000000 0.000000 
1000 0.05 350.000000   0.000000 0.000000 0.000000 
1000 0.05 300.000000   0.000000 0.000000 0.000000 
1000 0.05 250.000000   0.000000 0.000000 0.000000 
1000 0.05 200.000000   0.000000 0.000000 0.000000 
1000 0.05 150.000000   0.000000 0.000000 0.000000 
1000 0.05 100.000000   0.000000 0.000273 0.000000 
1000 0.05 50.000000   0.000000 0.105484 0.000367 
1000 0.05 40.000000   0.000000 0.216799 0.002885 
1000 0.05 30.000000   0.000000 0.381094 0.018445 
1000 0.05 20.000000   0.000000 0.562989 0.080731 
1000 0.05 10.000000   0.000000 0.733032 0.252897 
1000 0.05 5.000000   0.000000 0.814470 0.409553 
1000 0.05 1.000000   0.000000 0.876733 0.572832 
5000 0.05 500.000000   0.000000 0.000000 0.000000 
5000 0.05 450.000000   0.000000 0.000000 0.000000 
5000 0.05 400.000000   0.000000 0.000077 0.000000 
5000 0.05 350.000000   0.000000 0.001440 0.000000 
5000 0.05 300.000000   0.000000 0.011745 0.000000 
5000 0.05 250.000000   0.000000 0.057243 0.000000 
5000 0.05 200.000000   0.000000 0.174466 0.000000 
5000 0.05 150.000000   0.000000 0.383104 0.000000 
5000 0.05 100.000000   0.000000 0.631488 0.000386 
5000 0.05 50.000000   0.000000 0.843309 0.026544 
5000 0.05 40.000000   0.000000 0.871657 0.051111 
5000 0.05 30.000000   0.000000 0.898996 0.092691 
5000 0.05 20.000000   0.000000 0.922956 0.161376 
5000 0.05 10.000000   0.000000 0.942403 0.259072 
5000 0.05 5.000000   0.000000 0.950339 0.321974 
5000 0.05 1.000000   0.000000 0.956365 0.381076 
10000 0.05 500.000000   0.000000 0.050254 0.000000 
10000 0.05 450.000000   0.000000 0.100091 0.000000 
10000 0.05 400.000000   0.000000 0.172089 0.000000 
10000 0.05 350.000000   0.000000 0.269465 0.000000 
10000 0.05 300.000000   0.000000 0.386993 0.000000 
10000 0.05 250.000000   0.000000 0.520716 0.000000 
10000 0.05 200.000000   0.000000 0.652080 0.000000 
10000 0.05 150.000000   0.000000 0.764616 0.000068 
10000 0.05 100.000000   0.000000 0.857359 0.002431 
10000 0.05 50.000000   0.000000 0.926068 0.036751 
10000 0.05 40.000000   0.000000 0.938590 0.058209 
10000 0.05 30.000000   0.000000 0.948154 0.088999 
10000 0.05 20.000000   0.000000 0.956056 0.131424 
10000 0.05 10.000000   0.000000 0.963138 0.188845 
10000 0.05 5.000000   0.000000 0.965938 0.224124 
10000 0.05 1.000000   0.000000 0.968818 0.255844 
