% N density b b_old lambda LLtest TP FP
50 0.05 44.415889 44.415889 0.022514 0.000000 0.864865 0.876146
50 0.05 44.134477 44.134477 0.022658 0.000000 0.879845 0.880222
50 0.05 44.498462 44.498462 0.022473 0.000000 0.859922 0.881526
50 0.05 44.501795 44.501795 0.022471 0.000000 0.882812 0.871964
50 0.05 44.324606 44.324606 0.022561 0.000000 0.872093 0.873402
50 0.05 44.542934 44.542934 0.022450 0.000000 0.906977 0.871483
50 0.05 44.327971 44.327971 0.022559 0.000000 0.893701 0.871806
50 0.05 44.268504 44.268504 0.022589 0.000000 0.855469 0.878355
50 0.05 44.529283 44.529283 0.022457 0.000000 0.890625 0.880699
50 0.05 44.402431 44.402431 0.022521 0.000000 0.880309 0.884033
50 0.05 44.366313 44.366313 0.022540 0.000000 0.899614 0.869751
50 0.05 44.346329 44.346329 0.022550 0.000000 0.848837 0.877025
50 0.05 44.484887 44.484887 0.022480 0.000000 0.875486 0.873642
50 0.05 44.391564 44.391564 0.022527 0.000000 0.859375 0.868769
50 0.05 44.729595 44.729595 0.022357 0.000000 0.883721 0.876598
50 0.05 44.374411 44.374411 0.022536 0.000000 0.879845 0.875959
50 0.05 44.667021 44.667021 0.022388 0.000000 0.893701 0.881175
50 0.05 44.354128 44.354128 0.022546 0.000000 0.890625 0.865999
50 0.05 44.370788 44.370788 0.022537 0.000000 0.886719 0.872390
50 0.05 44.572560 44.572560 0.022435 0.000000 0.899614 0.870603
50 0.05 44.347696 44.347696 0.022549 0.000000 0.891892 0.877638
50 0.05 44.359012 44.359012 0.022543 0.000000 0.879845 0.870631
50 0.05 44.374771 44.374771 0.022535 0.000000 0.879377 0.883017
50 0.05 44.267528 44.267528 0.022590 0.000000 0.886719 0.876225
50 0.05 44.390986 44.390986 0.022527 0.000000 0.860465 0.874041
50 0.05 44.373262 44.373262 0.022536 0.000000 0.879845 0.878943
50 0.05 44.337521 44.337521 0.022554 0.000000 0.877953 0.877555
50 0.05 44.278585 44.278585 0.022584 0.000000 0.890625 0.873669
50 0.05 44.255646 44.255646 0.022596 0.000000 0.886719 0.877077
50 0.05 44.199066 44.199066 0.022625 0.000000 0.911197 0.874440
50 0.05 44.380530 44.380530 0.022532 0.000000 0.857143 0.876785
50 0.05 44.146953 44.146953 0.022652 0.000000 0.860465 0.877025
50 0.05 44.258468 44.258468 0.022595 0.000000 0.875486 0.876412
50 0.05 44.460943 44.460943 0.022492 0.000000 0.890625 0.874734
50 0.05 44.200556 44.200556 0.022624 0.000000 0.887597 0.877877
50 0.05 44.232037 44.232037 0.022608 0.000000 0.875969 0.871697
50 0.05 44.574915 44.574915 0.022434 0.000000 0.877953 0.874148
50 0.05 44.078972 44.078972 0.022687 0.000000 0.859375 0.867916
50 0.05 44.365890 44.365890 0.022540 0.000000 0.867188 0.879207
50 0.05 44.669565 44.669565 0.022387 0.000000 0.849421 0.879770
50 0.05 44.441464 44.441464 0.022502 0.000000 0.872587 0.882541
50 0.05 44.393887 44.393887 0.022526 0.000000 0.860465 0.870844
50 0.05 44.334046 44.334046 0.022556 0.000000 0.871595 0.872363
50 0.05 44.427415 44.427415 0.022509 0.000000 0.910156 0.870473
50 0.05 44.638634 44.638634 0.022402 0.000000 0.922481 0.875959
50 0.05 44.390965 44.390965 0.022527 0.000000 0.868217 0.873188
50 0.05 44.232445 44.232445 0.022608 0.000000 0.842520 0.877768
50 0.05 44.449161 44.449161 0.022498 0.000000 0.875000 0.873882
50 0.05 44.480691 44.480691 0.022482 0.000000 0.902344 0.880060
50 0.05 44.108614 44.108614 0.022671 0.000000 0.880309 0.869751
50 0.05 44.329874 44.329874 0.022558 0.000000 0.903475 0.880409
50 0.05 44.413346 44.413346 0.022516 0.000000 0.879845 0.874254
50 0.05 44.453700 44.453700 0.022495 0.000000 0.883268 0.880247
50 0.05 43.943042 43.943042 0.022757 0.000000 0.882812 0.871325
50 0.05 44.314408 44.314408 0.022566 0.000000 0.872093 0.868926
50 0.05 44.452762 44.452762 0.022496 0.000000 0.914729 0.884271
50 0.05 44.407823 44.407823 0.022519 0.000000 0.842520 0.880750
50 0.05 43.985667 43.985667 0.022735 0.000000 0.929688 0.861312
50 0.05 44.545849 44.545849 0.022449 0.000000 0.906250 0.876651
50 0.05 44.524784 44.524784 0.022459 0.000000 0.895753 0.883394
50 0.05 44.598446 44.598446 0.022422 0.000000 0.876448 0.874867
50 0.05 44.134421 44.134421 0.022658 0.000000 0.914729 0.879156
50 0.05 44.467500 44.467500 0.022488 0.000000 0.875486 0.876838
50 0.05 44.233121 44.233121 0.022607 0.000000 0.878906 0.868769
50 0.05 44.407201 44.407201 0.022519 0.000000 0.883721 0.871270
50 0.05 44.469679 44.469679 0.022487 0.000000 0.852713 0.871270
50 0.05 44.243221 44.243221 0.022602 0.000000 0.874016 0.871167
50 0.05 44.395902 44.395902 0.022525 0.000000 0.906250 0.877290
50 0.05 44.326271 44.326271 0.022560 0.000000 0.886719 0.870899
50 0.05 44.568084 44.568084 0.022438 0.000000 0.864865 0.878704
50 0.05 44.235655 44.235655 0.022606 0.000000 0.899614 0.880196
50 0.05 44.380536 44.380536 0.022532 0.000000 0.910853 0.874254
50 0.05 44.151740 44.151740 0.022649 0.000000 0.863813 0.871724
50 0.05 44.136355 44.136355 0.022657 0.000000 0.886719 0.878781
50 0.05 44.593045 44.593045 0.022425 0.000000 0.844961 0.883205
50 0.05 44.529321 44.529321 0.022457 0.000000 0.875969 0.884910
50 0.05 44.441462 44.441462 0.022502 0.000000 0.877953 0.872445
50 0.05 44.225766 44.225766 0.022611 0.000000 0.902344 0.867490
50 0.05 44.482360 44.482360 0.022481 0.000000 0.886719 0.877290
50 0.05 44.412948 44.412948 0.022516 0.000000 0.880309 0.870816
50 0.05 44.538779 44.538779 0.022452 0.000000 0.888031 0.881262
50 0.05 44.335322 44.335322 0.022555 0.000000 0.872093 0.873402
50 0.05 44.518852 44.518852 0.022462 0.000000 0.898833 0.875133
50 0.05 44.338231 44.338231 0.022554 0.000000 0.890625 0.878994
50 0.05 44.213439 44.213439 0.022618 0.000000 0.864341 0.870844
50 0.05 44.610533 44.610533 0.022416 0.000000 0.914729 0.877238
50 0.05 44.434718 44.434718 0.022505 0.000000 0.850394 0.877768
50 0.05 44.590846 44.590846 0.022426 0.000000 0.917969 0.875373
50 0.05 44.403196 44.403196 0.022521 0.000000 0.898438 0.875373
50 0.05 44.122953 44.122953 0.022664 0.000000 0.864865 0.872309
50 0.05 44.453620 44.453620 0.022495 0.000000 0.907336 0.880196
50 0.05 44.374448 44.374448 0.022535 0.000000 0.895349 0.870205
50 0.05 44.537385 44.537385 0.022453 0.000000 0.891051 0.875133
50 0.05 44.355602 44.355602 0.022545 0.000000 0.859375 0.878142
50 0.05 44.110348 44.110348 0.022670 0.000000 0.875969 0.878943
50 0.05 44.525853 44.525853 0.022459 0.000000 0.879845 0.874680
50 0.05 44.188658 44.188658 0.022630 0.000000 0.874016 0.874574
50 0.05 44.273095 44.273095 0.022587 0.000000 0.890625 0.878355
50 0.05 44.514898 44.514898 0.022464 0.000000 0.878906 0.883468
50 0.05 44.416563 44.416563 0.022514 0.000000 0.903475 0.880622
50 0.21 44.132774 44.132774 0.022659 0.000000 0.879310 0.868664
50 0.21 44.033630 44.033630 0.022710 0.000000 0.880611 0.876505
50 0.21 44.345196 44.345196 0.022550 0.000000 0.869856 0.875032
50 0.21 44.273977 44.273977 0.022587 0.000000 0.897313 0.871290
50 0.21 44.641781 44.641781 0.022401 0.000000 0.877512 0.877849
50 0.21 44.402536 44.402536 0.022521 0.000000 0.888782 0.874584
50 0.21 44.591017 44.591017 0.022426 0.000000 0.881844 0.873113
50 0.21 44.094553 44.094553 0.022679 0.000000 0.891532 0.866889
50 0.21 44.744960 44.744960 0.022349 0.000000 0.893780 0.887580
50 0.21 44.283896 44.283896 0.022582 0.000000 0.884762 0.871026
50 0.21 44.363344 44.363344 0.022541 0.000000 0.872605 0.874040
50 0.21 44.460636 44.460636 0.022492 0.000000 0.872970 0.872918
50 0.21 44.256702 44.256702 0.022595 0.000000 0.861244 0.878361
50 0.21 44.669894 44.669894 0.022386 0.000000 0.868522 0.892528
50 0.21 44.181146 44.181146 0.022634 0.000000 0.876555 0.866837
50 0.21 44.545305 44.545305 0.022449 0.000000 0.888782 0.868697
50 0.21 44.175082 44.175082 0.022637 0.000000 0.896254 0.869020
50 0.21 44.599246 44.599246 0.022422 0.000000 0.882017 0.876892
50 0.21 44.317689 44.317689 0.022564 0.000000 0.881340 0.875544
50 0.21 44.154445 44.154445 0.022648 0.000000 0.879048 0.872821
50 0.21 44.439724 44.439724 0.022502 0.000000 0.876437 0.879416
50 0.21 44.431705 44.431705 0.022506 0.000000 0.887297 0.874968
50 0.21 44.120205 44.120205 0.022665 0.000000 0.866986 0.877593
50 0.21 44.219138 44.219138 0.022615 0.000000 0.876200 0.867195
50 0.21 44.311355 44.311355 0.022568 0.000000 0.873684 0.874008
50 0.21 44.278719 44.278719 0.022584 0.000000 0.899329 0.873304
50 0.21 44.551417 44.551417 0.022446 0.000000 0.894332 0.875160
50 0.21 44.102228 44.102228 0.022675 0.000000 0.884872 0.873044
50 0.21 44.461810 44.461810 0.022491 0.000000 0.874641 0.869142
50 0.21 44.390798 44.390798 0.022527 0.000000 0.874286 0.873590
50 0.21 44.638466 44.638466 0.022402 0.000000 0.886015 0.881720
% N density b b_old lambda LLtest TP FP
50 0.05 44.090296 44.090296 0.022681 0.000000 0.880309 0.872735
50 0.05 44.194501 44.194501 0.022627 0.000000 0.856589 0.875959
50 0.05 44.403898 44.403898 0.022521 0.000000 0.871595 0.874281
50 0.05 44.263204 44.263204 0.022592 0.000000 0.886719 0.876864
50 0.05 44.336359 44.336359 0.022555 0.000000 0.852713 0.876812
50 0.05 44.522944 44.522944 0.022460 0.000000 0.845560 0.881262
50 0.05 44.283858 44.283858 0.022582 0.000000 0.891473 0.870631
50 0.05 44.502858 44.502858 0.022470 0.000000 0.863813 0.881100
50 0.05 44.308943 44.308943 0.022569 0.000000 0.847656 0.875586
50 0.05 44.415108 44.415108 0.022515 0.000000 0.895349 0.877451
50 0.05 44.349421 44.349421 0.022548 0.000000 0.888031 0.877851
50 0.05 44.195455 44.195455 0.022627 0.000000 0.883721 0.882566
50 0.05 44.310244 44.310244 0.022568 0.000000 0.887160 0.874920
50 0.05 44.206584 44.206584 0.022621 0.000000 0.894531 0.874947
50 0.05 44.227790 44.227790 0.022610 0.000000 0.864341 0.875746
50 0.05 44.452534 44.452534 0.022496 0.000000 0.907336 0.880196
50 0.05 44.475736 44.475736 0.022484 0.000000 0.852713 0.877664
50 0.05 44.670621 44.670621 0.022386 0.000000 0.883268 0.877051
50 0.05 44.278062 44.278062 0.022585 0.000000 0.921875 0.881764
50 0.05 44.062033 44.062033 0.022695 0.000000 0.879845 0.871057
50 0.05 44.283980 44.283980 0.022582 0.000000 0.876448 0.874867
50 0.05 44.341880 44.341880 0.022552 0.000000 0.906977 0.871483
50 0.05 44.354829 44.354829 0.022545 0.000000 0.883268 0.874707
50 0.05 44.449036 44.449036 0.022498 0.000000 0.886719 0.883681
50 0.05 44.061069 44.061069 0.022696 0.000000 0.868217 0.870418
50 0.21 44.105585 44.105585 0.022673 0.000000 0.877395 0.870712
50 0.21 44.211595 44.211595 0.022619 0.000000 0.886342 0.865232
50 0.21 44.302748 44.302748 0.022572 0.000000 0.900478 0.869398
50 0.21 44.311800 44.311800 0.022567 0.000000 0.895393 0.873593
50 0.21 44.391409 44.391409 0.022527 0.000000 0.890909 0.873496
50 0.21 44.107416 44.107416 0.022672 0.000000 0.890805 0.867127
50 0.21 44.226193 44.226193 0.022611 0.000000 0.884432 0.874456
50 0.21 44.247647 44.247647 0.022600 0.000000 0.865072 0.870679
50 0.21 44.249973 44.249973 0.022599 0.000000 0.892514 0.878710
50 0.21 44.269256 44.269256 0.022589 0.000000 0.896651 0.875032
50 0.21 44.374466 44.374466 0.022535 0.000000 0.883142 0.876600
50 0.21 44.271849 44.271849 0.022588 0.000000 0.886342 0.879324
50 0.21 44.424119 44.424119 0.022510 0.000000 0.868900 0.879641
50 0.21 43.966721 43.966721 0.022744 0.000000 0.863724 0.866428
50 0.21 44.294098 44.294098 0.022576 0.000000 0.893780 0.873239
50 0.21 44.439783 44.439783 0.022502 0.000000 0.886015 0.870456
50 0.21 44.349707 44.349707 0.022548 0.000000 0.876791 0.879580
50 0.21 44.146519 44.146519 0.022652 0.000000 0.880383 0.872983
50 0.21 44.317108 44.317108 0.022565 0.000000 0.894434 0.878966
50 0.21 44.430315 44.430315 0.022507 0.000000 0.894737 0.877081
50 0.21 44.349258 44.349258 0.022548 0.000000 0.869732 0.875064
50 0.21 44.241797 44.241797 0.022603 0.000000 0.882521 0.877274
50 0.21 44.460826 44.460826 0.022492 0.000000 0.888038 0.878361
50 0.21 44.491114 44.491114 0.022476 0.000000 0.879079 0.878454
50 0.21 44.276308 44.276308 0.022585 0.000000 0.884211 0.873239
50 0.31 44.134992 44.134992 0.022658 0.000000 0.872691 0.874199
50 0.31 44.436144 44.436144 0.022504 0.000000 0.886618 0.877949
50 0.31 44.498399 44.498399 0.022473 0.000000 0.868197 0.881752
50 0.31 44.455315 44.455315 0.022494 0.000000 0.867676 0.871466
50 0.31 44.145260 44.145260 0.022652 0.000000 0.884259 0.872891
50 0.31 44.315759 44.315759 0.022565 0.000000 0.885224 0.875073
50 0.31 44.486537 44.486537 0.022479 0.000000 0.879367 0.876493
50 0.31 44.406789 44.406789 0.022519 0.000000 0.878689 0.880584
50 0.31 44.364480 44.364480 0.022541 0.000000 0.892034 0.874964
50 0.31 44.335955 44.335955 0.022555 0.000000 0.863757 0.870273
50 0.31 44.308385 44.308385 0.022569 0.000000 0.889842 0.870122
50 0.31 44.696687 44.696687 0.022373 0.000000 0.889255 0.871832
50 0.31 44.596386 44.596386 0.022423 0.000000 0.876721 0.880000
50 0.31 44.226483 44.226483 0.022611 0.000000 0.886109 0.872049
50 0.31 44.434940 44.434940 0.022505 0.000000 0.891534 0.875800
50 0.31 44.127115 44.127115 0.022662 0.000000 0.879288 0.873034
50 0.31 44.535380 44.535380 0.022454 0.000000 0.869479 0.884358
50 0.31 44.361040 44.361040 0.022542 0.000000 0.887869 0.871533
50 0.31 44.271987 44.271987 0.022588 0.000000 0.868334 0.872049
50 0.31 44.333108 44.333108 0.022557 0.000000 0.870370 0.871437
50 0.31 44.608542 44.608542 0.022417 0.000000 0.876649 0.873908
50 0.31 44.420622 44.420622 0.022512 0.000000 0.872116 0.868045
50 0.31 44.243151 44.243151 0.022602 0.000000 0.875410 0.867445
50 0.31 44.663578 44.663578 0.022390 0.000000 0.870968 0.872923
50 0.31 44.729358 44.729358 0.022357 0.000000 0.868386 0.884817
100 0.05 7.595525 7.595525 0.131656 0.000000 0.930502 0.937540
100 0.05 11.332825 11.332825 0.088239 0.000000 0.965116 0.954604
100 0.05 9.917027 9.917027 0.100837 0.000000 0.953307 0.956531
100 0.05 10.251286 10.251286 0.097549 0.000000 0.949219 0.953345
100 0.05 9.476297 9.476297 0.105526 0.000000 0.937984 0.949915
100 0.05 9.482450 9.482450 0.105458 0.000000 0.953668 0.947133
100 0.05 8.027652 8.027652 0.124569 0.000000 0.949612 0.938619
100 0.05 10.236394 10.236394 0.097691 0.000000 0.964981 0.956531
100 0.05 9.703875 9.703875 0.103052 0.000000 0.960938 0.946527
100 0.05 9.075899 9.075899 0.110182 0.000000 0.953488 0.953964
100 0.05 9.635307 9.635307 0.103785 0.000000 0.957529 0.956086
100 0.05 9.582772 9.582772 0.104354 0.000000 0.961240 0.946292
100 0.05 9.141047 9.141047 0.109397 0.000000 0.945525 0.949286
100 0.05 9.416548 9.416548 0.106196 0.000000 0.964844 0.955262
100 0.05 9.794451 9.794451 0.102099 0.000000 0.972868 0.954177
100 0.05 11.865842 11.865842 0.084276 0.000000 0.957529 0.961629
100 0.05 10.417998 10.417998 0.095988 0.000000 0.945736 0.956095
100 0.05 9.238210 9.238210 0.108246 0.000000 0.968872 0.952056
100 0.05 10.165592 10.165592 0.098371 0.000000 0.949219 0.962505
100 0.05 9.619169 9.619169 0.103959 0.000000 0.957364 0.952259
100 0.05 10.006776 10.006776 0.099932 0.000000 0.961390 0.953528
100 0.05 9.257228 9.257228 0.108024 0.000000 0.949612 0.954604
100 0.05 8.198865 8.198865 0.121968 0.000000 0.964981 0.941615
100 0.05 10.234762 10.234762 0.097706 0.000000 0.953125 0.960588
100 0.05 10.668421 10.668421 0.093735 0.000000 0.961240 0.952899
100 0.21 10.567733 10.567733 0.094628 0.000000 0.960728 0.955453
100 0.21 12.201532 12.201532 0.081957 0.000000 0.970392 0.958493
100 0.21 9.133041 9.133041 0.109493 0.000000 0.967464 0.949552
100 0.21 9.971946 9.971946 0.100281 0.000000 0.946257 0.951382
100 0.21 8.780806 8.780806 0.113885 0.000000 0.955981 0.949040
100 0.21 8.707213 8.707213 0.114847 0.000000 0.946360 0.946237
100 0.21 9.120998 9.120998 0.109637 0.000000 0.954155 0.942864
100 0.21 9.834818 9.834818 0.101680 0.000000 0.969378 0.951344
100 0.21 10.181109 10.181109 0.098221 0.000000 0.952015 0.950614
100 0.21 8.769641 8.769641 0.114030 0.000000 0.948325 0.941613
100 0.21 7.516560 7.516560 0.133040 0.000000 0.932950 0.935996
100 0.21 9.704337 9.704337 0.103047 0.000000 0.950334 0.948757
100 0.21 9.625198 9.625198 0.103894 0.000000 0.954067 0.951088
100 0.21 8.899867 8.899867 0.112361 0.000000 0.949136 0.945496
100 0.21 9.581741 9.581741 0.104365 0.000000 0.966507 0.949808
100 0.21 8.599778 8.599778 0.116282 0.000000 0.948276 0.945981
100 0.21 8.469267 8.469267 0.118074 0.000000 0.945559 0.944146
100 0.21 9.164262 9.164262 0.109120 0.000000 0.952153 0.955698
100 0.21 9.900500 9.900500 0.101005 0.000000 0.957774 0.948823
100 0.21 11.709972 11.709972 0.085397 0.000000 0.952153 0.954930
100 0.21 11.271488 11.271488 0.088719 0.000000 0.961686 0.959805
100 0.21 11.790885 11.790885 0.084811 0.000000 0.966571 0.958237
100 0.21 10.717311 10.717311 0.093307 0.000000 0.955981 0.952625
100 0.21 10.079314 10.079314 0.099213 0.000000 0.950096 0.948311
100 0.21 9.762636 9.762636 0.102431 0.000000 0.953110 0.947247
100 0.31 11.953918 11.953918 0.083655 0.000000 0.953826 0.961852
100 0.31 11.008323 11.008323 0.090840 0.000000 0.954515 0.958928
100 0.31 9.146228 9.146228 0.109335 0.000000 0.954098 0.944526
100 0.31 10.383892 10.383892 0.096303 0.000000 0.962475 0.956572
100 0.31 10.772034 10.772034 0.092833 0.000000 0.958995 0.954334
100 0.31 8.317216 8.317216 0.120233 0.000000 0.951847 0.942341
100 0.31 10.381095 10.381095 0.096329 0.000000 0.955175 0.954559
100 0.31 11.002542 11.002542 0.090888 0.000000 0.948197 0.952993
100 0.31 8.861936 8.861936 0.112842 0.000000 0.934167 0.944623
100 0.31 10.325065 10.325065 0.096852 0.000000 0.965608 0.948226
100 0.31 8.182717 8.182717 0.122209 0.000000 0.956464 0.942050
100 0.31 9.575684 9.575684 0.104431 0.000000 0.953856 0.946694
100 0.31 8.811534 8.811534 0.113488 0.000000 0.957377 0.946861
100 0.31 10.485767 10.485767 0.095367 0.000000 0.960500 0.952492
100 0.31 9.087506 9.087506 0.110041 0.000000 0.948413 0.945026
100 0.31 10.900348 10.900348 0.091740 0.000000 0.962401 0.949621
100 0.31 9.482321 9.482321 0.105459 0.000000 0.957811 0.950772
100 0.31 10.242553 10.242553 0.097632 0.000000 0.957377 0.950657
100 0.31 7.761655 7.761655 0.128839 0.000000 0.947992 0.941999
100 0.31 10.384768 10.384768 0.096295 0.000000 0.957011 0.949389
100 0.31 7.375398 7.375398 0.135586 0.000000 0.943931 0.932149
100 0.31 8.855400 8.855400 0.112925 0.000000 0.955834 0.944364
100 0.31 10.025852 10.025852 0.099742 0.000000 0.958033 0.952117
100 0.31 11.275096 11.275096 0.088691 0.000000 0.959842 0.956572
100 0.31 9.537459 9.537459 0.104850 0.000000 0.944444 0.952298
200 0.05 0.196216 0.196216 5.096422 0.000000 0.532819 0.359625
200 0.05 0.171994 0.171994 5.814158 0.000000 0.472868 0.310955
200 0.05 0.179550 0.179550 5.569488 0.000000 0.459144 0.311102
200 0.05 0.175014 0.175014 5.713829 0.000000 0.511719 0.314231
200 0.05 0.171198 0.171198 5.841195 0.000000 0.480620 0.292839
200 0.05 0.176258 0.176258 5.673505 0.000000 0.467181 0.309103
200 0.05 0.187251 0.187251 5.340417 0.000000 0.484496 0.332055
200 0.05 0.180124 0.180124 5.551721 0.000000 0.490272 0.326017
200 0.05 0.187828 0.187828 5.324006 0.000000 0.500000 0.340648
200 0.05 0.184291 0.184291 5.426210 0.000000 0.484496 0.343990
200 0.05 0.170095 0.170095 5.879084 0.000000 0.455598 0.308250
200 0.05 0.184228 0.184228 5.428042 0.000000 0.465116 0.348252
200 0.05 0.178711 0.178711 5.595641 0.000000 0.486381 0.312806
200 0.05 0.168142 0.168142 5.947369 0.000000 0.496094 0.300170
200 0.05 0.186562 0.186562 5.360149 0.000000 0.465116 0.339301
200 0.05 0.179507 0.179507 5.570816 0.000000 0.486486 0.327649
200 0.05 0.183387 0.183387 5.452954 0.000000 0.472868 0.343990
200 0.05 0.178824 0.178824 5.592085 0.000000 0.517510 0.319412
200 0.05 0.179376 0.179376 5.574895 0.000000 0.511719 0.323605
200 0.05 0.168176 0.168176 5.946153 0.000000 0.496124 0.296888
200 0.05 0.188776 0.188776 5.297294 0.000000 0.540541 0.327436
200 0.05 0.177727 0.177727 5.626612 0.000000 0.465116 0.306479
200 0.05 0.179832 0.179832 5.560742 0.000000 0.474708 0.328788
200 0.05 0.190637 0.190637 5.245574 0.000000 0.511719 0.340861
200 0.05 0.178440 0.178440 5.604113 0.000000 0.488372 0.325448
200 0.21 0.190419 0.190419 5.251571 0.000000 0.489464 0.350230
200 0.21 0.191585 0.191585 5.219625 0.000000 0.498567 0.359211
200 0.21 0.186121 0.186121 5.372842 0.000000 0.475598 0.347247
200 0.21 0.177294 0.177294 5.640355 0.000000 0.491363 0.317554
200 0.21 0.200430 0.200430 4.989278 0.000000 0.506220 0.367478
200 0.21 0.182148 0.182148 5.490039 0.000000 0.473180 0.343062
200 0.21 0.185718 0.185718 5.384497 0.000000 0.473734 0.323597
200 0.21 0.194654 0.194654 5.137317 0.000000 0.478469 0.364405
200 0.21 0.193965 0.193965 5.155566 0.000000 0.488484 0.357472
200 0.21 0.185977 0.185977 5.377015 0.000000 0.490909 0.334955
200 0.21 0.176318 0.176318 5.671566 0.000000 0.474138 0.319252
200 0.21 0.182459 0.182459 5.480669 0.000000 0.486151 0.346144
200 0.21 0.177552 0.177552 5.632168 0.000000 0.493780 0.319846
200 0.21 0.187187 0.187187 5.342245 0.000000 0.476967 0.349539
200 0.21 0.184090 0.184090 5.432131 0.000000 0.458373 0.336236
200 0.21 0.200230 0.200230 4.994247 0.000000 0.522031 0.371480
200 0.21 0.177430 0.177430 5.636012 0.000000 0.448902 0.343326
200 0.21 0.167993 0.167993 5.952645 0.000000 0.482297 0.295775
200 0.21 0.181924 0.181924 5.496793 0.000000 0.474088 0.330860
200 0.21 0.212089 0.212089 4.715012 0.000000 0.528230 0.388220
200 0.21 0.187497 0.187497 5.333430 0.000000 0.488506 0.346902
200 0.21 0.188329 0.188329 5.309849 0.000000 0.469914 0.346144
200 0.21 0.180140 0.180140 5.551250 0.000000 0.485167 0.335211
200 0.21 0.185733 0.185733 5.384059 0.000000 0.501919 0.349284
200 0.21 0.201500 0.201500 4.962778 0.000000 0.490909 0.378489
200 0.31 0.177148 0.177148 5.644996 0.000000 0.477573 0.322947
200 0.31 0.181999 0.181999 5.494537 0.000000 0.452208 0.337314
200 0.31 0.188327 0.188327 5.309899 0.000000 0.478033 0.355328
200 0.31 0.187762 0.187762 5.325900 0.000000 0.471363 0.350044
200 0.31 0.191893 0.191893 5.211243 0.000000 0.458333 0.363874
200 0.31 0.176832 0.176832 5.655092 0.000000 0.457784 0.336925
200 0.31 0.187142 0.187142 5.343525 0.000000 0.478576 0.349548
200 0.31 0.180152 0.180152 5.550863 0.000000 0.481311 0.338394
200 0.31 0.191308 0.191308 5.227185 0.000000 0.502304 0.368406
200 0.31 0.190700 0.190700 5.243840 0.000000 0.484127 0.353694
200 0.31 0.188870 0.188870 5.294638 0.000000 0.476253 0.368375
200 0.31 0.182523 0.182523 5.478776 0.000000 0.446276 0.327410
200 0.31 0.194241 0.194241 5.148252 0.000000 0.518689 0.370219
200 0.31 0.198723 0.198723 5.032124 0.000000 0.512179 0.370446
200 0.31 0.191546 0.191546 5.220690 0.000000 0.478836 0.369983
200 0.31 0.192156 0.192156 5.204102 0.000000 0.503298 0.343914
200 0.31 0.194474 0.194474 5.142078 0.000000 0.498352 0.364987
200 0.31 0.199857 0.199857 5.003586 0.000000 0.500984 0.380146
200 0.31 0.197311 0.197311 5.068153 0.000000 0.493746 0.357913
200 0.31 0.184300 0.184300 5.425933 0.000000 0.449735 0.351076
200 0.31 0.203565 0.203565 4.912441 0.000000 0.484828 0.377402
200 0.31 0.194258 0.194258 5.147798 0.000000 0.483191 0.357705
200 0.31 0.206555 0.206555 4.841329 0.000000 0.525246 0.382190
200 0.31 0.177449 0.177449 5.635429 0.000000 0.441738 0.341591
200 0.31 0.209107 0.209107 4.782242 0.000000 0.501323 0.382781
500 0.05 0.064396 0.064396 15.528972 0.000000 0.416988 0.104882
500 0.05 0.064341 0.064341 15.542073 0.000000 0.445736 0.102941
500 0.05 0.062586 0.062586 15.978036 0.000000 0.381323 0.097592
500 0.05 0.063582 0.063582 15.727607 0.000000 0.406250 0.094376
500 0.05 0.064229 0.064229 15.569221 0.000000 0.391473 0.104646
500 0.05 0.063677 0.063677 15.704141 0.000000 0.393822 0.097421
500 0.05 0.063852 0.063852 15.661265 0.000000 0.391473 0.101876
500 0.05 0.066064 0.066064 15.136873 0.000000 0.459144 0.118261
500 0.05 0.064724 0.064724 15.450298 0.000000 0.406250 0.110141
500 0.05 0.061722 0.061722 16.201648 0.000000 0.379845 0.088875
500 0.05 0.063306 0.063306 15.796256 0.000000 0.455598 0.098700
500 0.05 0.062955 0.062955 15.884242 0.000000 0.395349 0.112106
500 0.05 0.063876 0.063876 15.655386 0.000000 0.447471 0.108672
500 0.05 0.065841 0.065841 15.188152 0.000000 0.488281 0.112697
500 0.05 0.063921 0.063921 15.644424 0.000000 0.418605 0.099957
500 0.05 0.064742 0.064742 15.445900 0.000000 0.440154 0.104669
500 0.05 0.064639 0.064639 15.470614 0.000000 0.410853 0.106351
500 0.05 0.062823 0.062823 15.917827 0.000000 0.412451 0.103985
500 0.05 0.063216 0.063216 15.818832 0.000000 0.375000 0.094163
500 0.05 0.064655 0.064655 15.466760 0.000000 0.414729 0.104859
500 0.05 0.064599 0.064599 15.480093 0.000000 0.401544 0.102324
500 0.05 0.064083 0.064083 15.604788 0.000000 0.406977 0.106991
500 0.05 0.063087 0.063087 15.851076 0.000000 0.459144 0.106329
500 0.05 0.063975 0.063975 15.631034 0.000000 0.421875 0.100341
500 0.05 0.062842 0.062842 15.912931 0.000000 0.430233 0.098892
500 0.21 0.069907 0.069907 14.304766 0.000000 0.432950 0.158730
500 0.21 0.069301 0.069301 14.429887 0.000000 0.382999 0.141686
500 0.21 0.071349 0.071349 14.015614 0.000000 0.396172 0.157234
500 0.21 0.068790 0.068790 14.536928 0.000000 0.414587 0.149693
500 0.21 0.070914 0.070914 14.101678 0.000000 0.459330 0.152881
500 0.21 0.070116 0.070116 14.262092 0.000000 0.411877 0.149514
500 0.21 0.069548 0.069548 14.378573 0.000000 0.410697 0.145273
500 0.21 0.070359 0.070359 14.212901 0.000000 0.431579 0.144174
500 0.21 0.068432 0.068432 14.613122 0.000000 0.402111 0.143552
500 0.21 0.068446 0.068446 14.609955 0.000000 0.398086 0.137004
500 0.21 0.070500 0.070500 14.184349 0.000000 0.438697 0.143369
500 0.21 0.068623 0.068623 14.572471 0.000000 0.423114 0.143479
500 0.21 0.070816 0.070816 14.121064 0.000000 0.427751 0.149808
500 0.21 0.071524 0.071524 13.981375 0.000000 0.449136 0.154811
500 0.21 0.070280 0.070280 14.228792 0.000000 0.431579 0.151601
500 0.21 0.068854 0.068854 14.523467 0.000000 0.434866 0.141321
500 0.21 0.070929 0.070929 14.098614 0.000000 0.437440 0.166282
500 0.21 0.068129 0.068129 14.678083 0.000000 0.444976 0.143662
500 0.21 0.068852 0.068852 14.523960 0.000000 0.426104 0.140481
500 0.21 0.069716 0.069716 14.343969 0.000000 0.422967 0.153905
500 0.21 0.068394 0.068394 14.621109 0.000000 0.390805 0.140553
500 0.21 0.071966 0.071966 13.895476 0.000000 0.426934 0.167820
500 0.21 0.067800 0.067800 14.749182 0.000000 0.414354 0.136748
500 0.21 0.068425 0.068425 14.614571 0.000000 0.412668 0.138946
500 0.21 0.069357 0.069357 14.418101 0.000000 0.421053 0.150064
500 0.31 0.076220 0.076220 13.119861 0.000000 0.451847 0.205300
500 0.31 0.072426 0.072426 13.807135 0.000000 0.431773 0.182057
500 0.31 0.072140 0.072140 13.861840 0.000000 0.411148 0.169635
500 0.31 0.072479 0.072479 13.797081 0.000000 0.408163 0.169338
500 0.31 0.074925 0.074925 13.346763 0.000000 0.411376 0.190227
500 0.31 0.073751 0.073751 13.559172 0.000000 0.426121 0.175597
500 0.31 0.073894 0.073894 13.532906 0.000000 0.413975 0.167201
500 0.31 0.073134 0.073134 13.673503 0.000000 0.427541 0.187737
500 0.31 0.073299 0.073299 13.642723 0.000000 0.423305 0.183911
500 0.31 0.074781 0.074781 13.372341 0.000000 0.429233 0.191972
500 0.31 0.075173 0.075173 13.302571 0.000000 0.422823 0.193943
500 0.31 0.072241 0.072241 13.842483 0.000000 0.392221 0.162831
500 0.31 0.072045 0.072045 13.880135 0.000000 0.428197 0.172263
500 0.31 0.073857 0.073857 13.539766 0.000000 0.445030 0.184203
500 0.31 0.074572 0.074572 13.409929 0.000000 0.407407 0.191099
500 0.31 0.074399 0.074399 13.440963 0.000000 0.424142 0.180839
500 0.31 0.070084 0.070084 14.268543 0.000000 0.390244 0.153801
500 0.31 0.074477 0.074477 13.426948 0.000000 0.426230 0.186569
500 0.31 0.072055 0.072055 13.878275 0.000000 0.412772 0.172836
500 0.31 0.073727 0.073727 13.563581 0.000000 0.410053 0.188773
500 0.31 0.071559 0.071559 13.974421 0.000000 0.390501 0.167443
500 0.31 0.073925 0.073925 13.527239 0.000000 0.435069 0.187008
500 0.31 0.074918 0.074918 13.347955 0.000000 0.428852 0.193285
500 0.31 0.071834 0.071834 13.921036 0.000000 0.414088 0.175459
500 0.31 0.073114 0.073114 13.677343 0.000000 0.400132 0.178883
1000 0.05 0.042642 0.042642 23.451053 0.000000 0.567568 0.076743
1000 0.05 0.042532 0.042532 23.511445 0.000000 0.511628 0.076087
1000 0.05 0.042269 0.042269 23.658169 0.000000 0.552529 0.063712
1000 0.05 0.042110 0.042110 23.747333 0.000000 0.562500 0.072433
1000 0.05 0.041914 0.041914 23.858470 0.000000 0.593023 0.065004
1000 0.05 0.043591 0.043591 22.940326 0.000000 0.552124 0.081859
1000 0.05 0.042291 0.042291 23.645913 0.000000 0.527132 0.068841
1000 0.05 0.042585 0.042585 23.482670 0.000000 0.478599 0.070957
1000 0.05 0.043260 0.043260 23.115785 0.000000 0.550781 0.078185
1000 0.05 0.042408 0.042408 23.580259 0.000000 0.538760 0.070546
1000 0.05 0.042954 0.042954 23.280870 0.000000 0.598456 0.066937
1000 0.05 0.042288 0.042288 23.647566 0.000000 0.546512 0.071824
1000 0.05 0.043163 0.043163 23.168058 0.000000 0.583658 0.082250
1000 0.05 0.042158 0.042158 23.720036 0.000000 0.578125 0.067959
1000 0.05 0.042730 0.042730 23.402791 0.000000 0.534884 0.078218
1000 0.05 0.042184 0.042184 23.705891 0.000000 0.517375 0.077382
1000 0.05 0.042315 0.042315 23.632504 0.000000 0.604651 0.071611
1000 0.05 0.041907 0.041907 23.862487 0.000000 0.521401 0.071383
1000 0.05 0.041733 0.041733 23.961837 0.000000 0.519531 0.068385
1000 0.05 0.042801 0.042801 23.363867 0.000000 0.577519 0.063725
1000 0.05 0.042388 0.042388 23.591404 0.000000 0.521236 0.067363
1000 0.05 0.043154 0.043154 23.172576 0.000000 0.589147 0.070119
1000 0.05 0.042555 0.042555 23.498851 0.000000 0.521401 0.076497
1000 0.05 0.042762 0.042762 23.385500 0.000000 0.558594 0.066681
1000 0.05 0.042946 0.042946 23.284850 0.000000 0.519380 0.077153
1000 0.21 0.048746 0.048746 20.514482 0.000000 0.550766 0.133897
1000 0.21 0.048783 0.048783 20.499010 0.000000 0.522445 0.129388
1000 0.21 0.049528 0.049528 20.190661 0.000000 0.533014 0.129834
1000 0.21 0.049033 0.049033 20.394454 0.000000 0.562380 0.124104
1000 0.21 0.048776 0.048776 20.501881 0.000000 0.539713 0.129577
1000 0.21 0.049364 0.049364 20.257565 0.000000 0.539272 0.118280
1000 0.21 0.048664 0.048664 20.549057 0.000000 0.567335 0.127082
1000 0.21 0.048199 0.048199 20.747351 0.000000 0.526316 0.127017
1000 0.21 0.048134 0.048134 20.775242 0.000000 0.551823 0.110542
1000 0.21 0.047874 0.047874 20.887963 0.000000 0.531100 0.120359
1000 0.21 0.048171 0.048171 20.759473 0.000000 0.549808 0.123400
1000 0.21 0.048431 0.048431 20.648009 0.000000 0.536772 0.131437
1000 0.21 0.047983 0.047983 20.840728 0.000000 0.539713 0.119078
1000 0.21 0.049326 0.049326 20.273370 0.000000 0.587332 0.133316
1000 0.21 0.048801 0.048801 20.491433 0.000000 0.533971 0.122407
1000 0.21 0.048295 0.048295 20.705975 0.000000 0.535441 0.124680
1000 0.21 0.048167 0.048167 20.761029 0.000000 0.531041 0.123495
1000 0.21 0.049421 0.049421 20.234151 0.000000 0.549282 0.134187
1000 0.21 0.050056 0.050056 19.977808 0.000000 0.576775 0.138434
1000 0.21 0.049333 0.049333 20.270333 0.000000 0.567464 0.122407
1000 0.21 0.048616 0.048616 20.569398 0.000000 0.526820 0.114951
1000 0.21 0.048037 0.048037 20.817149 0.000000 0.547278 0.122470
1000 0.21 0.048303 0.048303 20.702691 0.000000 0.559809 0.121895
1000 0.21 0.050310 0.050310 19.876687 0.000000 0.555662 0.142528
1000 0.21 0.048586 0.048586 20.582150 0.000000 0.535885 0.121127
1000 0.31 0.054033 0.054033 18.507374 0.000000 0.558707 0.166861
1000 0.31 0.054269 0.054269 18.426775 0.000000 0.554384 0.179726
1000 0.31 0.052669 0.052669 18.986484 0.000000 0.549508 0.167591
1000 0.31 0.052666 0.052666 18.987421 0.000000 0.542462 0.172836
1000 0.31 0.051821 0.051821 19.297045 0.000000 0.507937 0.160268
1000 0.31 0.053348 0.053348 18.744884 0.000000 0.545515 0.171229
1000 0.31 0.051783 0.051783 19.311374 0.000000 0.526697 0.162831
1000 0.31 0.054378 0.054378 18.389623 0.000000 0.554754 0.190657
1000 0.31 0.052988 0.052988 18.872132 0.000000 0.537196 0.168173
1000 0.31 0.052534 0.052534 19.035438 0.000000 0.523810 0.178592
1000 0.31 0.052857 0.052857 18.918932 0.000000 0.536280 0.164822
1000 0.31 0.053364 0.053364 18.739398 0.000000 0.556361 0.184969
1000 0.31 0.052341 0.052341 19.105483 0.000000 0.522623 0.162336
1000 0.31 0.052477 0.052477 19.056016 0.000000 0.554970 0.170796
1000 0.31 0.053459 0.053459 18.705843 0.000000 0.546958 0.168994
1000 0.31 0.053095 0.053095 18.834231 0.000000 0.558707 0.182586
1000 0.31 0.051554 0.051554 19.397123 0.000000 0.500330 0.161666
1000 0.31 0.052870 0.052870 18.914211 0.000000 0.558033 0.169343
1000 0.31 0.052158 0.052158 19.172535 0.000000 0.536537 0.174293
1000 0.31 0.054193 0.054193 18.452407 0.000000 0.542989 0.181501
1000 0.31 0.053229 0.053229 18.786902 0.000000 0.531003 0.168608
1000 0.31 0.052072 0.052072 19.204232 0.000000 0.539222 0.172153
1000 0.31 0.052485 0.052485 19.053235 0.000000 0.545574 0.170803
1000 0.31 0.051888 0.051888 19.272220 0.000000 0.543779 0.174002
1000 0.31 0.053854 0.053854 18.568705 0.000000 0.541667 0.173938
5000 0.05 0.024536 0.024536 40.756714 0.000000 0.864865 0.067576
5000 0.05 0.023917 0.023917 41.811400 0.000000 0.903101 0.052643
5000 0.05 0.024340 0.024340 41.085182 0.000000 0.894942 0.061794
5000 0.05 0.023913 0.023913 41.818417 0.000000 0.867188 0.053473
5000 0.05 0.024318 0.024318 41.122553 0.000000 0.856589 0.056692
5000 0.05 0.024078 0.024078 41.532487 0.000000 0.876448 0.058197
5000 0.05 0.024137 0.024137 41.430708 0.000000 0.848837 0.062234
5000 0.05 0.024180 0.024180 41.356528 0.000000 0.894942 0.058172
5000 0.05 0.024194 0.024194 41.332444 0.000000 0.890625 0.061142
5000 0.05 0.024434 0.024434 40.926397 0.000000 0.887597 0.059037
5000 0.05 0.024324 0.024324 41.112326 0.000000 0.880309 0.061394
5000 0.05 0.024220 0.024220 41.288539 0.000000 0.895349 0.062234
5000 0.05 0.024425 0.024425 40.942010 0.000000 0.906615 0.061155
5000 0.05 0.024604 0.024604 40.643208 0.000000 0.890625 0.064764
5000 0.05 0.024031 0.024031 41.613194 0.000000 0.864341 0.057332
5000 0.05 0.024173 0.024173 41.368875 0.000000 0.884170 0.060968
5000 0.05 0.024618 0.024618 40.620667 0.000000 0.891473 0.060955
5000 0.05 0.024499 0.024499 40.818056 0.000000 0.902724 0.067760
5000 0.05 0.024388 0.024388 41.003699 0.000000 0.878906 0.065616
5000 0.05 0.024668 0.024668 40.537816 0.000000 0.856589 0.062660
5000 0.05 0.024308 0.024308 41.138329 0.000000 0.907336 0.064592
5000 0.05 0.024273 0.024273 41.198416 0.000000 0.860465 0.062873
5000 0.05 0.024178 0.024178 41.360452 0.000000 0.856031 0.059663
5000 0.05 0.024270 0.024270 41.203103 0.000000 0.859375 0.065403
5000 0.05 0.024231 0.024231 41.268715 0.000000 0.864341 0.063939
5000 0.21 0.033055 0.033055 30.252268 0.000000 0.880268 0.137225
5000 0.21 0.032102 0.032102 31.151099 0.000000 0.867240 0.128107
5000 0.21 0.032387 0.032387 30.876174 0.000000 0.846890 0.134955
5000 0.21 0.032541 0.032541 30.730150 0.000000 0.879079 0.135363
5000 0.21 0.032548 0.032548 30.723687 0.000000 0.868900 0.134955
5000 0.21 0.032270 0.032270 30.988995 0.000000 0.864943 0.129032
5000 0.21 0.032211 0.032211 31.045450 0.000000 0.867240 0.127594
5000 0.21 0.031917 0.031917 31.330866 0.000000 0.869856 0.119334
5000 0.21 0.032612 0.032612 30.663105 0.000000 0.873321 0.125896
5000 0.21 0.031780 0.031780 31.466236 0.000000 0.859330 0.111140
5000 0.21 0.032252 0.032252 31.005659 0.000000 0.864943 0.129544
5000 0.21 0.032409 0.032409 30.855742 0.000000 0.869150 0.134768
5000 0.21 0.032154 0.032154 31.099992 0.000000 0.864115 0.130602
5000 0.21 0.032944 0.032944 30.354596 0.000000 0.886756 0.139713
5000 0.21 0.032419 0.032419 30.846467 0.000000 0.878469 0.128809
5000 0.21 0.032120 0.032120 31.133005 0.000000 0.856322 0.125192
5000 0.21 0.032177 0.032177 31.077847 0.000000 0.865330 0.130925
5000 0.21 0.032233 0.032233 31.023809 0.000000 0.865072 0.126248
5000 0.21 0.031900 0.031900 31.347482 0.000000 0.867562 0.124360
5000 0.21 0.031677 0.031677 31.568473 0.000000 0.859330 0.119078
5000 0.21 0.032576 0.032576 30.697592 0.000000 0.870690 0.134409
5000 0.21 0.032174 0.032174 31.080931 0.000000 0.876791 0.125801
5000 0.21 0.032433 0.032433 30.832816 0.000000 0.886124 0.133163
5000 0.21 0.032367 0.032367 30.895690 0.000000 0.868522 0.123849
5000 0.21 0.032515 0.032515 30.754785 0.000000 0.886124 0.136236
5000 0.31 0.037176 0.037176 26.899352 0.000000 0.852243 0.172976
5000 0.31 0.037210 0.037210 26.874186 0.000000 0.869479 0.189047
5000 0.31 0.036838 0.036838 27.145653 0.000000 0.849836 0.190365
5000 0.31 0.037299 0.037299 26.810379 0.000000 0.854510 0.176333
5000 0.31 0.036470 0.036470 27.419808 0.000000 0.855159 0.170448
5000 0.31 0.036532 0.036532 27.373579 0.000000 0.850923 0.168608
5000 0.31 0.037082 0.037082 26.967502 0.000000 0.855636 0.176813
5000 0.31 0.036520 0.036520 27.382015 0.000000 0.848525 0.194745
5000 0.31 0.036846 0.036846 27.139845 0.000000 0.870309 0.170504
5000 0.31 0.036977 0.036977 27.044185 0.000000 0.853175 0.172193
5000 0.31 0.037174 0.037174 26.900475 0.000000 0.856201 0.175306
5000 0.31 0.036908 0.036908 27.094332 0.000000 0.854977 0.172444
5000 0.31 0.036569 0.036569 27.345238 0.000000 0.853770 0.175182
5000 0.31 0.036210 0.036210 27.616784 0.000000 0.852535 0.164966
5000 0.31 0.036784 0.036784 27.185671 0.000000 0.847884 0.175102
5000 0.31 0.037620 0.037620 26.581576 0.000000 0.857520 0.174141
5000 0.31 0.036331 0.036331 27.524838 0.000000 0.856955 0.176813
5000 0.31 0.037258 0.037258 26.839652 0.000000 0.849180 0.186861
5000 0.31 0.037001 0.037001 27.026273 0.000000 0.854510 0.171379
5000 0.31 0.037455 0.037455 26.698819 0.000000 0.871693 0.188191
5000 0.31 0.036667 0.036667 27.272310 0.000000 0.856860 0.181421
5000 0.31 0.037593 0.037593 26.600367 0.000000 0.866183 0.178852
5000 0.31 0.036607 0.036607 27.317281 0.000000 0.859016 0.174307
5000 0.31 0.037389 0.037389 26.745670 0.000000 0.870309 0.182163
5000 0.31 0.036868 0.036868 27.123818 0.000000 0.843254 0.179465
10000 0.05 0.020842 0.020842 47.980373 0.000000 0.926641 0.048817
10000 0.05 0.020949 0.020949 47.735558 0.000000 0.961240 0.052856
10000 0.05 0.020834 0.020834 47.997599 0.000000 0.945525 0.045813
10000 0.05 0.020691 0.020691 48.330966 0.000000 0.917969 0.048147
10000 0.05 0.020925 0.020925 47.788851 0.000000 0.941860 0.050298
10000 0.05 0.020901 0.020901 47.845224 0.000000 0.945946 0.050735
10000 0.05 0.020857 0.020857 47.945161 0.000000 0.914729 0.052643
10000 0.05 0.020850 0.020850 47.961441 0.000000 0.929961 0.052418
10000 0.05 0.020777 0.020777 48.129818 0.000000 0.921875 0.050277
10000 0.05 0.020839 0.020839 47.986433 0.000000 0.930233 0.050938
10000 0.05 0.020915 0.020915 47.811604 0.000000 0.926641 0.056278
10000 0.05 0.020807 0.020807 48.060858 0.000000 0.937984 0.050085
10000 0.05 0.020830 0.020830 48.007825 0.000000 0.949416 0.052845
10000 0.05 0.020904 0.020904 47.838838 0.000000 0.949219 0.044525
10000 0.05 0.020720 0.020720 48.263105 0.000000 0.914729 0.049659
10000 0.05 0.020831 0.020831 48.006497 0.000000 0.918919 0.049883
10000 0.05 0.020829 0.020829 48.010281 0.000000 0.957364 0.045396
10000 0.05 0.020924 0.020924 47.791762 0.000000 0.953307 0.052845
10000 0.05 0.020695 0.020695 48.319795 0.000000 0.945312 0.049212
10000 0.05 0.020862 0.020862 47.934274 0.000000 0.910853 0.053282
10000 0.05 0.020644 0.020644 48.440607 0.000000 0.945946 0.043701
10000 0.05 0.020976 0.020976 47.674416 0.000000 0.968992 0.053708
10000 0.05 0.020683 0.020683 48.349745 0.000000 0.918288 0.050075
10000 0.05 0.020852 0.020852 47.956523 0.000000 0.937500 0.056029
10000 0.05 0.020661 0.020661 48.401340 0.000000 0.887597 0.045823
10000 0.21 0.029362 0.029362 34.057688 0.000000 0.934866 0.107271
10000 0.21 0.028953 0.028953 34.538382 0.000000 0.924546 0.097105
10000 0.21 0.029335 0.029335 34.088918 0.000000 0.932057 0.102177
10000 0.21 0.029392 0.029392 34.023401 0.000000 0.940499 0.099539
10000 0.21 0.029114 0.029114 34.347275 0.000000 0.920574 0.098335
10000 0.21 0.029522 0.029522 33.872895 0.000000 0.932950 0.107015
10000 0.21 0.028717 0.028717 34.822087 0.000000 0.926457 0.095568
10000 0.21 0.029281 0.029281 34.151579 0.000000 0.944498 0.102689
10000 0.21 0.029830 0.029830 33.523355 0.000000 0.934741 0.115148
10000 0.21 0.029030 0.029030 34.447464 0.000000 0.928230 0.093982
10000 0.21 0.029337 0.029337 34.086814 0.000000 0.929119 0.102663
10000 0.21 0.029006 0.029006 34.475141 0.000000 0.922636 0.105560
10000 0.21 0.029406 0.029406 34.006972 0.000000 0.925359 0.101152
10000 0.21 0.029270 0.029270 34.164728 0.000000 0.918426 0.093654
10000 0.21 0.029086 0.029086 34.380656 0.000000 0.939713 0.097823
10000 0.21 0.029156 0.029156 34.297966 0.000000 0.934866 0.093190
10000 0.21 0.029208 0.029208 34.236764 0.000000 0.931232 0.100436
10000 0.21 0.029116 0.029116 34.345322 0.000000 0.937799 0.102945
10000 0.21 0.029377 0.029377 34.039997 0.000000 0.921305 0.104145
10000 0.21 0.029052 0.029052 34.421473 0.000000 0.923445 0.100640
10000 0.21 0.028947 0.028947 34.546030 0.000000 0.932950 0.091654
10000 0.21 0.029212 0.029212 34.233022 0.000000 0.928367 0.111965
10000 0.21 0.029415 0.029415 33.996802 0.000000 0.930144 0.111652
10000 0.21 0.029101 0.029101 34.362571 0.000000 0.926104 0.100307
10000 0.21 0.029253 0.029253 34.184657 0.000000 0.933014 0.101665
10000 0.31 0.034372 0.034372 29.093323 0.000000 0.925462 0.142400
10000 0.31 0.034245 0.034245 29.201485 0.000000 0.928807 0.141567
10000 0.31 0.034622 0.034622 28.883189 0.000000 0.916721 0.136058
10000 0.31 0.034563 0.034563 28.932548 0.000000 0.920342 0.136403
10000 0.31 0.034031 0.034031 29.385359 0.000000 0.900132 0.144270
10000 0.31 0.034738 0.034738 28.786790 0.000000 0.913588 0.146768
10000 0.31 0.034339 0.034339 29.121461 0.000000 0.906394 0.140402
10000 0.31 0.033913 0.033913 29.487310 0.000000 0.912131 0.133431
10000 0.31 0.034451 0.034451 29.026746 0.000000 0.921001 0.142524
10000 0.31 0.034080 0.034080 29.342850 0.000000 0.916667 0.143979
10000 0.31 0.034314 0.034314 29.142287 0.000000 0.923483 0.148515
10000 0.31 0.034273 0.034273 29.177088 0.000000 0.915623 0.145645
10000 0.31 0.033850 0.033850 29.542343 0.000000 0.925246 0.142774
10000 0.31 0.034364 0.034364 29.100598 0.000000 0.917709 0.147187
10000 0.31 0.034424 0.034424 29.049195 0.000000 0.913360 0.148633
10000 0.31 0.034303 0.034303 29.152056 0.000000 0.927441 0.138614
10000 0.31 0.033970 0.033970 29.437363 0.000000 0.912327 0.146519
10000 0.31 0.033952 0.033952 29.453469 0.000000 0.916066 0.132555
10000 0.31 0.034319 0.034319 29.138197 0.000000 0.914417 0.139027
10000 0.31 0.034302 0.034302 29.153043 0.000000 0.917328 0.141070
10000 0.31 0.033592 0.033592 29.769340 0.000000 0.914248 0.145894
10000 0.31 0.034795 0.034795 28.739939 0.000000 0.930125 0.142732
10000 0.31 0.034287 0.034287 29.165994 0.000000 0.915410 0.149489
10000 0.31 0.034323 0.034323 29.134585 0.000000 0.916392 0.132323
10000 0.31 0.034621 0.034621 28.884286 0.000000 0.920635 0.158813
% N density b b_old lambda LLtest TP FP
