% N density lambda LLtest TP FP
50 0.03 500.000000   0.000000 0.026339 0.002935 
50 0.03 450.000000   0.000000 0.032203 0.003685 
50 0.03 400.000000   0.000000 0.038711 0.004590 
50 0.03 350.000000   0.000000 0.048315 0.005683 
50 0.03 300.000000   0.000000 0.062398 0.007618 
50 0.03 250.000000   0.000000 0.078416 0.009784 
50 0.03 200.000000   0.000000 0.100571 0.012448 
50 0.03 150.000000   0.000000 0.137522 0.016486 
50 0.03 100.000000   0.000000 0.183376 0.021909 
50 0.03 50.000000   0.000000 0.305066 0.034179 
50 0.03 40.000000   0.000000 0.353674 0.040924 
50 0.03 30.000000   0.000000 0.410682 0.050375 
50 0.03 20.000000   0.000000 0.533293 0.067279 
50 0.03 10.000000   0.000000 0.692423 0.113754 
50 0.03 5.000000   0.000000 0.810143 0.198347 
50 0.03 1.000000   0.000000 0.927966 0.451849 
100 0.03 500.000000   0.000000 0.079004 0.009439 
100 0.03 450.000000   0.000000 0.089268 0.011125 
100 0.03 400.000000   0.000000 0.099186 0.012426 
100 0.03 350.000000   0.000000 0.111562 0.013987 
100 0.03 300.000000   0.000000 0.130464 0.015747 
100 0.03 250.000000   0.000000 0.153716 0.017985 
100 0.03 200.000000   0.000000 0.187294 0.021336 
100 0.03 150.000000   0.000000 0.233285 0.025832 
100 0.03 100.000000   0.000000 0.310547 0.033555 
100 0.03 50.000000   0.000000 0.469989 0.050033 
100 0.03 40.000000   0.000000 0.559317 0.058434 
100 0.03 30.000000   0.000000 0.640517 0.070030 
100 0.03 20.000000   0.000000 0.721711 0.092044 
100 0.03 10.000000   0.000000 0.843446 0.151646 
100 0.03 5.000000   0.000000 0.926634 0.246275 
100 0.03 1.000000   0.000000 0.977400 0.480974 
200 0.03 500.000000   0.000000 0.161913 0.017213 
200 0.03 450.000000   0.000000 0.179796 0.019399 
200 0.03 400.000000   0.000000 0.193535 0.021522 
200 0.03 350.000000   0.000000 0.213455 0.023821 
200 0.03 300.000000   0.000000 0.239294 0.026486 
200 0.03 250.000000   0.000000 0.270428 0.029661 
200 0.03 200.000000   0.000000 0.313906 0.034053 
200 0.03 150.000000   0.000000 0.381318 0.039496 
200 0.03 100.000000   0.000000 0.480267 0.049281 
200 0.03 50.000000   0.000000 0.691623 0.069110 
200 0.03 40.000000   0.000000 0.733081 0.078343 
200 0.03 30.000000   0.000000 0.785569 0.093239 
200 0.03 20.000000   0.000000 0.861068 0.119293 
200 0.03 10.000000   0.000000 0.951204 0.187900 
200 0.03 5.000000   0.000000 0.976557 0.282853 
200 0.03 1.000000   0.000000 0.990998 0.470600 
500 0.03 500.000000   0.000000 0.311057 0.027611 
500 0.03 450.000000   0.000000 0.349566 0.031077 
500 0.03 400.000000   0.000000 0.376770 0.034418 
500 0.03 350.000000   0.000000 0.393170 0.037260 
500 0.03 300.000000   0.000000 0.409649 0.040123 
500 0.03 250.000000   0.000000 0.468611 0.044828 
500 0.03 200.000000   0.000000 0.622389 0.052167 
500 0.03 150.000000   0.000000 0.684729 0.059891 
500 0.03 100.000000   0.000000 0.747028 0.070175 
500 0.03 50.000000   0.000000 0.882636 0.094698 
500 0.03 40.000000   0.000000 0.924575 0.105179 
500 0.03 30.000000   0.000000 0.949860 0.122136 
500 0.03 20.000000   0.000000 0.976498 0.153528 
500 0.03 10.000000   0.000000 0.991119 0.226726 
500 0.03 5.000000   0.000000 0.995577 0.304285 
500 0.03 1.000000   0.000000 0.996570 0.421608 
1000 0.03 500.000000   0.000000 0.460966 0.037958 
1000 0.03 450.000000   0.000000 0.573146 0.042735 
1000 0.03 400.000000   0.000000 0.642983 0.048148 
1000 0.03 350.000000   0.000000 0.668720 0.053041 
1000 0.03 300.000000   0.000000 0.690572 0.057195 
1000 0.03 250.000000   0.000000 0.712430 0.061380 
1000 0.03 200.000000   0.000000 0.749592 0.067074 
1000 0.03 150.000000   0.000000 0.813679 0.074923 
1000 0.03 100.000000   0.000000 0.893490 0.086726 
1000 0.03 50.000000   0.000000 0.968854 0.112125 
1000 0.03 40.000000   0.000000 0.979752 0.122565 
1000 0.03 30.000000   0.000000 0.988846 0.140105 
1000 0.03 20.000000   0.000000 0.994635 0.171531 
1000 0.03 10.000000   0.000000 0.997593 0.235300 
1000 0.03 5.000000   0.000000 0.998229 0.292397 
1000 0.03 1.000000   0.000000 0.998229 0.365698 
5000 0.03 500.000000   0.000000 0.907357 0.064421 
5000 0.03 450.000000   0.000000 0.928560 0.067596 
5000 0.03 400.000000   0.000000 0.941321 0.071656 
5000 0.03 350.000000   0.000000 0.953855 0.075810 
5000 0.03 300.000000   0.000000 0.968030 0.079859 
5000 0.03 250.000000   0.000000 0.976752 0.084398 
5000 0.03 200.000000   0.000000 0.986443 0.089321 
5000 0.03 150.000000   0.000000 0.993926 0.096494 
5000 0.03 100.000000   0.000000 0.995693 0.106829 
5000 0.03 50.000000   0.000000 0.997649 0.131115 
5000 0.03 40.000000   0.000000 0.997649 0.140524 
5000 0.03 30.000000   0.000000 0.997984 0.153006 
5000 0.03 20.000000   0.000000 0.997984 0.171483 
5000 0.03 10.000000   0.000000 0.998285 0.197287 
5000 0.03 5.000000   0.000000 0.998587 0.213662 
5000 0.03 1.000000   0.000000 0.998587 0.228973 
10000 0.03 500.000000   0.000000 0.982750 0.073779 
10000 0.03 450.000000   0.000000 0.985832 0.075892 
10000 0.03 400.000000   0.000000 0.991321 0.078484 
10000 0.03 350.000000   0.000000 0.993696 0.080910 
10000 0.03 300.000000   0.000000 0.995838 0.083991 
10000 0.03 250.000000   0.000000 0.996769 0.087614 
10000 0.03 200.000000   0.000000 0.997105 0.092288 
10000 0.03 150.000000   0.000000 0.998337 0.098128 
10000 0.03 100.000000   0.000000 0.998974 0.107944 
10000 0.03 50.000000   0.000000 0.999275 0.126348 
10000 0.03 40.000000   0.000000 0.999275 0.132875 
10000 0.03 30.000000   0.000000 0.999275 0.140453 
10000 0.03 20.000000   0.000000 0.999275 0.151154 
10000 0.03 10.000000   0.000000 0.999275 0.165457 
10000 0.03 5.000000   0.000000 0.999275 0.173379 
10000 0.03 1.000000   0.000000 0.999275 0.180740 
