% N density lambda LLtest TP FP
50 0.12 500.000000  0.000000 0.123980 0.062255
50 0.12 450.000000  0.000000 0.135400 0.068019
50 0.12 400.000000  0.000000 0.154976 0.073784
50 0.12 350.000000  0.000000 0.164763 0.083698
50 0.12 300.000000  0.000000 0.184339 0.096611
50 0.12 250.000000  0.000000 0.210440 0.108370
50 0.12 200.000000  0.000000 0.236542 0.123357
50 0.12 150.000000  0.000000 0.252855 0.140650
50 0.12 100.000000  0.000000 0.295269 0.166936
50 0.12 50.000000  0.000000 0.378467 0.220198
50 0.12 40.000000  0.000000 0.406199 0.232649
50 0.12 30.000000  0.000000 0.446982 0.249712
50 0.12 20.000000  0.000000 0.502447 0.272769
50 0.12 10.000000  0.000000 0.574225 0.328568
50 0.12 5.000000  0.000000 0.649266 0.384598
50 0.12 1.000000  0.000000 0.761827 0.487895
50 0.13 500.000000  0.000000 0.092025 0.091205
50 0.13 450.000000  0.000000 0.110429 0.101210
50 0.13 400.000000  0.000000 0.127301 0.113541
50 0.13 350.000000  0.000000 0.134969 0.124709
50 0.13 300.000000  0.000000 0.151840 0.137971
50 0.13 250.000000  0.000000 0.159509 0.150070
50 0.13 200.000000  0.000000 0.191718 0.161703
50 0.13 150.000000  0.000000 0.222393 0.177292
50 0.13 100.000000  0.000000 0.269939 0.201024
50 0.13 50.000000  0.000000 0.323620 0.240810
50 0.13 40.000000  0.000000 0.340491 0.249186
50 0.13 30.000000  0.000000 0.363497 0.263378
50 0.13 20.000000  0.000000 0.421779 0.287343
50 0.13 10.000000  0.000000 0.475460 0.331317
50 0.13 5.000000  0.000000 0.530675 0.370870
50 0.13 1.000000  0.000000 0.616564 0.433923
50 0.14 500.000000  0.000000 0.073593 0.064834
50 0.14 450.000000  0.000000 0.085137 0.072117
50 0.14 400.000000  0.000000 0.092352 0.078224
50 0.14 350.000000  0.000000 0.109668 0.085271
50 0.14 300.000000  0.000000 0.128427 0.091379
50 0.14 250.000000  0.000000 0.148629 0.101480
50 0.14 200.000000  0.000000 0.165945 0.115339
50 0.14 150.000000  0.000000 0.194805 0.129199
50 0.14 100.000000  0.000000 0.236652 0.148931
50 0.14 50.000000  0.000000 0.313131 0.192154
50 0.14 40.000000  0.000000 0.330447 0.204369
50 0.14 30.000000  0.000000 0.356421 0.223162
50 0.14 20.000000  0.000000 0.399711 0.255344
50 0.14 10.000000  0.000000 0.492063 0.321588
50 0.14 5.000000  0.000000 0.581530 0.377731
50 0.14 1.000000  0.000000 0.691198 0.509514
50 0.13 500.000000  0.000000 0.077901 0.069660
50 0.13 450.000000  0.000000 0.095390 0.074520
50 0.13 400.000000  0.000000 0.100159 0.081231
50 0.13 350.000000  0.000000 0.111288 0.088174
50 0.13 300.000000  0.000000 0.127186 0.093728
50 0.13 250.000000  0.000000 0.151033 0.099051
50 0.13 200.000000  0.000000 0.170111 0.107383
50 0.13 150.000000  0.000000 0.190779 0.117797
50 0.13 100.000000  0.000000 0.230525 0.133765
50 0.13 50.000000  0.000000 0.321145 0.170100
50 0.13 40.000000  0.000000 0.343402 0.183291
50 0.13 30.000000  0.000000 0.381558 0.200879
50 0.13 20.000000  0.000000 0.456280 0.234668
50 0.13 10.000000  0.000000 0.572337 0.301319
50 0.13 5.000000  0.000000 0.669316 0.368433
50 0.13 1.000000  0.000000 0.771065 0.498496
50 0.14 500.000000  0.000000 0.115097 0.071946
50 0.14 450.000000  0.000000 0.127055 0.083625
50 0.14 400.000000  0.000000 0.144993 0.092502
50 0.14 350.000000  0.000000 0.155456 0.101845
50 0.14 300.000000  0.000000 0.174888 0.118197
50 0.14 250.000000  0.000000 0.189836 0.128007
50 0.14 200.000000  0.000000 0.213752 0.142490
50 0.14 150.000000  0.000000 0.234679 0.156038
50 0.14 100.000000  0.000000 0.257100 0.176594
50 0.14 50.000000  0.000000 0.295964 0.208596
50 0.14 40.000000  0.000000 0.303438 0.218173
50 0.14 30.000000  0.000000 0.324365 0.230320
50 0.14 20.000000  0.000000 0.357250 0.250409
50 0.14 10.000000  0.000000 0.390135 0.268395
50 0.14 5.000000  0.000000 0.409567 0.284747
50 0.14 1.000000  0.000000 0.439462 0.307405
100 0.12 500.000000  0.000000 0.205546 0.108139
100 0.12 450.000000  0.000000 0.220228 0.116440
100 0.12 400.000000  0.000000 0.231648 0.124049
100 0.12 350.000000  0.000000 0.251223 0.131658
100 0.12 300.000000  0.000000 0.269168 0.139036
100 0.12 250.000000  0.000000 0.288744 0.150334
100 0.12 200.000000  0.000000 0.296900 0.163246
100 0.12 150.000000  0.000000 0.324633 0.181692
100 0.12 100.000000  0.000000 0.391517 0.213973
100 0.12 50.000000  0.000000 0.505710 0.268158
100 0.12 40.000000  0.000000 0.515498 0.277611
100 0.12 30.000000  0.000000 0.543230 0.294904
100 0.12 20.000000  0.000000 0.592170 0.320959
100 0.12 10.000000  0.000000 0.703100 0.374452
100 0.12 5.000000  0.000000 0.769984 0.431174
100 0.12 1.000000  0.000000 0.831974 0.516255
100 0.13 500.000000  0.000000 0.142638 0.108423
100 0.13 450.000000  0.000000 0.161043 0.119125
100 0.13 400.000000  0.000000 0.179448 0.127734
100 0.13 350.000000  0.000000 0.202454 0.137971
100 0.13 300.000000  0.000000 0.223926 0.149139
100 0.13 250.000000  0.000000 0.237730 0.159842
100 0.13 200.000000  0.000000 0.266871 0.171940
100 0.13 150.000000  0.000000 0.296012 0.190554
100 0.13 100.000000  0.000000 0.334356 0.212890
100 0.13 50.000000  0.000000 0.412577 0.256166
100 0.13 40.000000  0.000000 0.430982 0.265705
100 0.13 30.000000  0.000000 0.447853 0.284318
100 0.13 20.000000  0.000000 0.498466 0.302001
100 0.13 10.000000  0.000000 0.562883 0.348767
100 0.13 5.000000  0.000000 0.610429 0.381107
100 0.13 1.000000  0.000000 0.664110 0.442299
100 0.14 500.000000  0.000000 0.128427 0.084332
100 0.14 450.000000  0.000000 0.150072 0.104064
100 0.14 400.000000  0.000000 0.174603 0.110406
100 0.14 350.000000  0.000000 0.183261 0.118628
100 0.14 300.000000  0.000000 0.204906 0.128964
100 0.14 250.000000  0.000000 0.217893 0.140709
100 0.14 200.000000  0.000000 0.236652 0.149871
100 0.14 150.000000  0.000000 0.259740 0.164670
100 0.14 100.000000  0.000000 0.295815 0.186516
100 0.14 50.000000  0.000000 0.379509 0.228565
100 0.14 40.000000  0.000000 0.408369 0.243364
100 0.14 30.000000  0.000000 0.440115 0.262391
100 0.14 20.000000  0.000000 0.477633 0.296688
100 0.14 10.000000  0.000000 0.578644 0.350482
100 0.14 5.000000  0.000000 0.653680 0.401691
100 0.14 1.000000  0.000000 0.741703 0.503406
100 0.13 500.000000  0.000000 0.146264 0.081231
100 0.13 450.000000  0.000000 0.158983 0.088405
100 0.13 400.000000  0.000000 0.173291 0.094423
100 0.13 350.000000  0.000000 0.187599 0.101134
100 0.13 300.000000  0.000000 0.193959 0.107383
100 0.13 250.000000  0.000000 0.208267 0.117565
100 0.13 200.000000  0.000000 0.225755 0.129368
100 0.13 150.000000  0.000000 0.268680 0.148114
100 0.13 100.000000  0.000000 0.325914 0.173571
100 0.13 50.000000  0.000000 0.443561 0.219625
100 0.13 40.000000  0.000000 0.470588 0.233279
100 0.13 30.000000  0.000000 0.511924 0.253876
100 0.13 20.000000  0.000000 0.588235 0.289979
100 0.13 10.000000  0.000000 0.689984 0.358713
100 0.13 5.000000  0.000000 0.759936 0.414719
100 0.13 1.000000  0.000000 0.850556 0.526267
100 0.14 500.000000  0.000000 0.136024 0.101378
100 0.14 450.000000  0.000000 0.164425 0.120533
100 0.14 400.000000  0.000000 0.170404 0.127774
100 0.14 350.000000  0.000000 0.182362 0.135249
100 0.14 300.000000  0.000000 0.198804 0.141322
100 0.14 250.000000  0.000000 0.219731 0.148096
100 0.14 200.000000  0.000000 0.228700 0.155805
100 0.14 150.000000  0.000000 0.242152 0.170521
100 0.14 100.000000  0.000000 0.267564 0.194114
100 0.14 50.000000  0.000000 0.322870 0.232422
100 0.14 40.000000  0.000000 0.334828 0.241065
100 0.14 30.000000  0.000000 0.345291 0.250876
100 0.14 20.000000  0.000000 0.370703 0.266760
100 0.14 10.000000  0.000000 0.399103 0.283111
100 0.14 5.000000  0.000000 0.411061 0.295025
100 0.14 1.000000  0.000000 0.434978 0.312077
200 0.12 500.000000  0.000000 0.236542 0.123357
200 0.12 450.000000  0.000000 0.272431 0.139958
200 0.12 400.000000  0.000000 0.288744 0.149412
200 0.12 350.000000  0.000000 0.303426 0.160018
200 0.12 300.000000  0.000000 0.329527 0.170625
200 0.12 250.000000  0.000000 0.352365 0.185612
200 0.12 200.000000  0.000000 0.380098 0.201752
200 0.12 150.000000  0.000000 0.420881 0.222504
200 0.12 100.000000  0.000000 0.486134 0.252248
200 0.12 50.000000  0.000000 0.567700 0.303205
200 0.12 40.000000  0.000000 0.590538 0.317270
200 0.12 30.000000  0.000000 0.637847 0.340327
200 0.12 20.000000  0.000000 0.699837 0.369610
200 0.12 10.000000  0.000000 0.787928 0.425179
200 0.12 5.000000  0.000000 0.830343 0.465299
200 0.12 1.000000  0.000000 0.867863 0.517178
200 0.13 500.000000  0.000000 0.188650 0.142392
200 0.13 450.000000  0.000000 0.207055 0.153792
200 0.13 400.000000  0.000000 0.230061 0.161703
200 0.13 350.000000  0.000000 0.239264 0.169614
200 0.13 300.000000  0.000000 0.257669 0.178222
200 0.13 250.000000  0.000000 0.282209 0.189390
200 0.13 200.000000  0.000000 0.294479 0.198930
200 0.13 150.000000  0.000000 0.315951 0.216612
200 0.13 100.000000  0.000000 0.366564 0.238018
200 0.13 50.000000  0.000000 0.434049 0.281759
200 0.13 40.000000  0.000000 0.444785 0.291996
200 0.13 30.000000  0.000000 0.472393 0.308748
200 0.13 20.000000  0.000000 0.512270 0.328758
200 0.13 10.000000  0.000000 0.569018 0.364123
200 0.13 5.000000  0.000000 0.595092 0.390879
200 0.13 1.000000  0.000000 0.630368 0.424849
200 0.14 500.000000  0.000000 0.194805 0.104534
200 0.14 450.000000  0.000000 0.210678 0.117219
200 0.14 400.000000  0.000000 0.217893 0.123561
200 0.14 350.000000  0.000000 0.232323 0.134132
200 0.14 300.000000  0.000000 0.261183 0.141649
200 0.14 250.000000  0.000000 0.275613 0.150106
200 0.14 200.000000  0.000000 0.292929 0.164670
200 0.14 150.000000  0.000000 0.334776 0.183228
200 0.14 100.000000  0.000000 0.373737 0.213766
200 0.14 50.000000  0.000000 0.464646 0.268969
200 0.14 40.000000  0.000000 0.499278 0.282593
200 0.14 30.000000  0.000000 0.532468 0.300446
200 0.14 20.000000  0.000000 0.597403 0.337092
200 0.14 10.000000  0.000000 0.675325 0.385483
200 0.14 5.000000  0.000000 0.714286 0.430350
200 0.14 1.000000  0.000000 0.747475 0.498708
200 0.13 500.000000  0.000000 0.197138 0.107151
200 0.13 450.000000  0.000000 0.205087 0.113631
200 0.13 400.000000  0.000000 0.219396 0.121268
200 0.13 350.000000  0.000000 0.243243 0.128905
200 0.13 300.000000  0.000000 0.262321 0.138857
200 0.13 250.000000  0.000000 0.292528 0.151354
200 0.13 200.000000  0.000000 0.321145 0.166397
200 0.13 150.000000  0.000000 0.370429 0.186531
200 0.13 100.000000  0.000000 0.440382 0.221245
200 0.13 50.000000  0.000000 0.567568 0.277251
200 0.13 40.000000  0.000000 0.612083 0.293219
200 0.13 30.000000  0.000000 0.661367 0.322611
200 0.13 20.000000  0.000000 0.694754 0.352696
200 0.13 10.000000  0.000000 0.777424 0.409165
200 0.13 5.000000  0.000000 0.818760 0.457302
200 0.13 1.000000  0.000000 0.863275 0.515621
200 0.14 500.000000  0.000000 0.180867 0.130343
200 0.14 450.000000  0.000000 0.209268 0.146928
200 0.14 400.000000  0.000000 0.219731 0.154403
200 0.14 350.000000  0.000000 0.237668 0.163980
200 0.14 300.000000  0.000000 0.245142 0.174726
200 0.14 250.000000  0.000000 0.258595 0.179631
200 0.14 200.000000  0.000000 0.273543 0.190376
200 0.14 150.000000  0.000000 0.294469 0.203924
200 0.14 100.000000  0.000000 0.330344 0.221444
200 0.14 50.000000  0.000000 0.367713 0.250409
200 0.14 40.000000  0.000000 0.378176 0.258351
200 0.14 30.000000  0.000000 0.385650 0.270731
200 0.14 20.000000  0.000000 0.405082 0.285681
200 0.14 10.000000  0.000000 0.421525 0.305302
200 0.14 5.000000  0.000000 0.428999 0.313245
200 0.14 1.000000  0.000000 0.446936 0.325158
500 0.12 500.000000  0.000000 0.321370 0.178234
500 0.12 450.000000  0.000000 0.375204 0.189301
500 0.12 400.000000  0.000000 0.389886 0.196910
500 0.12 350.000000  0.000000 0.411093 0.208900
500 0.12 300.000000  0.000000 0.440457 0.222735
500 0.12 250.000000  0.000000 0.474715 0.235416
500 0.12 200.000000  0.000000 0.505710 0.249942
500 0.12 150.000000  0.000000 0.541599 0.270002
500 0.12 100.000000  0.000000 0.603589 0.299055
500 0.12 50.000000  0.000000 0.716150 0.355545
500 0.12 40.000000  0.000000 0.732463 0.367074
500 0.12 30.000000  0.000000 0.774878 0.388517
500 0.12 20.000000  0.000000 0.812398 0.417570
500 0.12 10.000000  0.000000 0.859706 0.449850
500 0.12 5.000000  0.000000 0.882545 0.483975
500 0.12 1.000000  0.000000 0.893964 0.510491
500 0.13 500.000000  0.000000 0.259202 0.175896
500 0.13 450.000000  0.000000 0.283742 0.185435
500 0.13 400.000000  0.000000 0.305215 0.197534
500 0.13 350.000000  0.000000 0.325153 0.203583
500 0.13 300.000000  0.000000 0.343558 0.212657
500 0.13 250.000000  0.000000 0.369632 0.223592
500 0.13 200.000000  0.000000 0.394172 0.236854
500 0.13 150.000000  0.000000 0.417178 0.250814
500 0.13 100.000000  0.000000 0.463190 0.276873
500 0.13 50.000000  0.000000 0.529141 0.317822
500 0.13 40.000000  0.000000 0.546012 0.330619
500 0.13 30.000000  0.000000 0.570552 0.350163
500 0.13 20.000000  0.000000 0.587423 0.364123
500 0.13 10.000000  0.000000 0.618098 0.393439
500 0.13 5.000000  0.000000 0.622699 0.412517
500 0.13 1.000000  0.000000 0.633436 0.429502
500 0.14 500.000000  0.000000 0.253968 0.145173
500 0.14 450.000000  0.000000 0.268398 0.154099
500 0.14 400.000000  0.000000 0.277056 0.164435
500 0.14 350.000000  0.000000 0.308802 0.172657
500 0.14 300.000000  0.000000 0.323232 0.182053
500 0.14 250.000000  0.000000 0.350649 0.197792
500 0.14 200.000000  0.000000 0.382395 0.213296
500 0.14 150.000000  0.000000 0.419913 0.235612
500 0.14 100.000000  0.000000 0.463203 0.266855
500 0.14 50.000000  0.000000 0.580087 0.321353
500 0.14 40.000000  0.000000 0.593074 0.333568
500 0.14 30.000000  0.000000 0.634921 0.359408
500 0.14 20.000000  0.000000 0.699856 0.386187
500 0.14 10.000000  0.000000 0.735931 0.429880
500 0.14 5.000000  0.000000 0.751804 0.463237
500 0.14 1.000000  0.000000 0.783550 0.509984
500 0.13 500.000000  0.000000 0.314785 0.136774
500 0.13 450.000000  0.000000 0.338633 0.145337
500 0.13 400.000000  0.000000 0.359300 0.154362
500 0.13 350.000000  0.000000 0.386328 0.167785
500 0.13 300.000000  0.000000 0.413355 0.184217
500 0.13 250.000000  0.000000 0.445151 0.200417
500 0.13 200.000000  0.000000 0.481717 0.224022
500 0.13 150.000000  0.000000 0.542130 0.250636
500 0.13 100.000000  0.000000 0.607313 0.281416
500 0.13 50.000000  0.000000 0.704293 0.347605
500 0.13 40.000000  0.000000 0.731320 0.361490
500 0.13 30.000000  0.000000 0.764706 0.382550
500 0.13 20.000000  0.000000 0.807631 0.417496
500 0.13 10.000000  0.000000 0.858506 0.468179
500 0.13 5.000000  0.000000 0.879173 0.497570
500 0.13 1.000000  0.000000 0.895072 0.530896
500 0.14 500.000000  0.000000 0.242152 0.170054
500 0.14 450.000000  0.000000 0.267564 0.192245
500 0.14 400.000000  0.000000 0.281016 0.201121
500 0.14 350.000000  0.000000 0.298954 0.211633
500 0.14 300.000000  0.000000 0.322870 0.220976
500 0.14 250.000000  0.000000 0.331839 0.230086
500 0.14 200.000000  0.000000 0.343797 0.234525
500 0.14 150.000000  0.000000 0.363229 0.249241
500 0.14 100.000000  0.000000 0.381166 0.260920
500 0.14 50.000000  0.000000 0.408072 0.284513
500 0.14 40.000000  0.000000 0.412556 0.288484
500 0.14 30.000000  0.000000 0.420030 0.297127
500 0.14 20.000000  0.000000 0.442451 0.309507
500 0.14 10.000000  0.000000 0.455904 0.321420
500 0.14 5.000000  0.000000 0.460389 0.329829
500 0.14 1.000000  0.000000 0.464873 0.334968
1000 0.12 500.000000  0.000000 0.394780 0.230574
1000 0.12 450.000000  0.000000 0.443719 0.236800
1000 0.12 400.000000  0.000000 0.471452 0.240028
1000 0.12 350.000000  0.000000 0.497553 0.249481
1000 0.12 300.000000  0.000000 0.515498 0.257551
1000 0.12 250.000000  0.000000 0.543230 0.272769
1000 0.12 200.000000  0.000000 0.580750 0.288909
1000 0.12 150.000000  0.000000 0.626427 0.316117
1000 0.12 100.000000  0.000000 0.691680 0.350242
1000 0.12 50.000000  0.000000 0.786297 0.402582
1000 0.12 40.000000  0.000000 0.823817 0.414572
1000 0.12 30.000000  0.000000 0.831974 0.427254
1000 0.12 20.000000  0.000000 0.848287 0.451464
1000 0.12 10.000000  0.000000 0.869494 0.478902
1000 0.12 5.000000  0.000000 0.877651 0.491584
1000 0.12 1.000000  0.000000 0.887439 0.511183
1000 0.13 500.000000  0.000000 0.317485 0.221266
1000 0.13 450.000000  0.000000 0.357362 0.239646
1000 0.13 400.000000  0.000000 0.389571 0.248255
1000 0.13 350.000000  0.000000 0.398773 0.261517
1000 0.13 300.000000  0.000000 0.420245 0.273383
1000 0.13 250.000000  0.000000 0.432515 0.277804
1000 0.13 200.000000  0.000000 0.447853 0.289670
1000 0.13 150.000000  0.000000 0.489264 0.305724
1000 0.13 100.000000  0.000000 0.519939 0.326198
1000 0.13 50.000000  0.000000 0.593558 0.375291
1000 0.13 40.000000  0.000000 0.599693 0.384830
1000 0.13 30.000000  0.000000 0.613497 0.392973
1000 0.13 20.000000  0.000000 0.627301 0.412052
1000 0.13 10.000000  0.000000 0.645706 0.434853
1000 0.13 5.000000  0.000000 0.647239 0.446719
1000 0.13 1.000000  0.000000 0.648773 0.455793
1000 0.14 500.000000  0.000000 0.316017 0.185577
1000 0.14 450.000000  0.000000 0.353535 0.203430
1000 0.14 400.000000  0.000000 0.360750 0.211416
1000 0.14 350.000000  0.000000 0.385281 0.218699
1000 0.14 300.000000  0.000000 0.411255 0.228330
1000 0.14 250.000000  0.000000 0.432900 0.242659
1000 0.14 200.000000  0.000000 0.467532 0.259338
1000 0.14 150.000000  0.000000 0.522367 0.281184
1000 0.14 100.000000  0.000000 0.572872 0.312661
1000 0.14 50.000000  0.000000 0.672439 0.375147
1000 0.14 40.000000  0.000000 0.695527 0.386422
1000 0.14 30.000000  0.000000 0.720058 0.408504
1000 0.14 20.000000  0.000000 0.738817 0.431994
1000 0.14 10.000000  0.000000 0.756133 0.469110
1000 0.14 5.000000  0.000000 0.784993 0.499883
1000 0.14 1.000000  0.000000 0.790765 0.522903
1000 0.13 500.000000  0.000000 0.427663 0.178662
1000 0.13 450.000000  0.000000 0.468998 0.192317
1000 0.13 400.000000  0.000000 0.476948 0.202268
1000 0.13 350.000000  0.000000 0.502385 0.214997
1000 0.13 300.000000  0.000000 0.534181 0.230039
1000 0.13 250.000000  0.000000 0.554849 0.249248
1000 0.13 200.000000  0.000000 0.612083 0.267299
1000 0.13 150.000000  0.000000 0.655008 0.296691
1000 0.13 100.000000  0.000000 0.709062 0.333719
1000 0.13 50.000000  0.000000 0.804452 0.396899
1000 0.13 40.000000  0.000000 0.823529 0.408933
1000 0.13 30.000000  0.000000 0.845787 0.427910
1000 0.13 20.000000  0.000000 0.869634 0.453830
1000 0.13 10.000000  0.000000 0.895072 0.494330
1000 0.13 5.000000  0.000000 0.906200 0.518167
1000 0.13 1.000000  0.000000 0.909380 0.538070
1000 0.14 500.000000  0.000000 0.279522 0.191310
1000 0.14 450.000000  0.000000 0.327354 0.216305
1000 0.14 400.000000  0.000000 0.345291 0.229386
1000 0.14 350.000000  0.000000 0.358744 0.242233
1000 0.14 300.000000  0.000000 0.381166 0.251810
1000 0.14 250.000000  0.000000 0.394619 0.262789
1000 0.14 200.000000  0.000000 0.409567 0.273301
1000 0.14 150.000000  0.000000 0.421525 0.281243
1000 0.14 100.000000  0.000000 0.434978 0.292455
1000 0.14 50.000000  0.000000 0.454410 0.309274
1000 0.14 40.000000  0.000000 0.458894 0.315113
1000 0.14 30.000000  0.000000 0.460389 0.317916
1000 0.14 20.000000  0.000000 0.470852 0.331231
1000 0.14 10.000000  0.000000 0.472347 0.334034
1000 0.14 5.000000  0.000000 0.476831 0.336604
1000 0.14 1.000000  0.000000 0.476831 0.341275
5000 0.12 500.000000  0.000000 0.618271 0.365229
5000 0.12 450.000000  0.000000 0.676998 0.386442
5000 0.12 400.000000  0.000000 0.717781 0.399585
5000 0.12 350.000000  0.000000 0.753670 0.405349
5000 0.12 300.000000  0.000000 0.784666 0.415033
5000 0.12 250.000000  0.000000 0.802610 0.427254
5000 0.12 200.000000  0.000000 0.822186 0.440627
5000 0.12 150.000000  0.000000 0.843393 0.457228
5000 0.12 100.000000  0.000000 0.867863 0.482822
5000 0.12 50.000000  0.000000 0.889070 0.517178
5000 0.12 40.000000  0.000000 0.897227 0.520867
5000 0.12 30.000000  0.000000 0.908646 0.536085
5000 0.12 20.000000  0.000000 0.910277 0.541619
