% N density lambda LLtest TP FP
50 0.03 500.000000  0.000000 0.000000 0.000000
50 0.03 450.000000  0.000000 0.000000 0.000000
50 0.03 400.000000  0.000000 0.006579 0.000000
50 0.03 350.000000  0.000000 0.006579 0.000000
50 0.03 300.000000  0.000000 0.032895 0.001876
50 0.03 250.000000  0.000000 0.059211 0.004168
50 0.03 200.000000  0.000000 0.072368 0.007086
50 0.03 150.000000  0.000000 0.098684 0.008754
50 0.03 100.000000  0.000000 0.131579 0.010629
50 0.03 50.000000  0.000000 0.197368 0.022926
50 0.03 40.000000  0.000000 0.302632 0.027095
50 0.03 30.000000  0.000000 0.388158 0.035640
50 0.03 20.000000  0.000000 0.546053 0.051688
50 0.03 10.000000  0.000000 0.730263 0.099000
50 0.03 5.000000  0.000000 0.848684 0.195081
50 0.03 1.000000  0.000000 0.940789 0.451438
50 0.03 500.000000  0.000000 0.079710 0.013924
50 0.03 450.000000  0.000000 0.086957 0.017664
50 0.03 400.000000  0.000000 0.086957 0.022028
50 0.03 350.000000  0.000000 0.086957 0.025145
50 0.03 300.000000  0.000000 0.094203 0.027016
50 0.03 250.000000  0.000000 0.101449 0.028886
50 0.03 200.000000  0.000000 0.144928 0.032211
50 0.03 150.000000  0.000000 0.173913 0.035744
50 0.03 100.000000  0.000000 0.231884 0.044472
50 0.03 50.000000  0.000000 0.347826 0.056110
50 0.03 40.000000  0.000000 0.398551 0.063175
50 0.03 30.000000  0.000000 0.463768 0.071488
50 0.03 20.000000  0.000000 0.594203 0.090191
50 0.03 10.000000  0.000000 0.739130 0.131962
50 0.03 5.000000  0.000000 0.840580 0.208437
50 0.03 1.000000  0.000000 0.934783 0.435786
50 0.03 500.000000  0.000000 0.014085 0.000000
50 0.03 450.000000  0.000000 0.042254 0.000208
50 0.03 400.000000  0.000000 0.056338 0.003536
50 0.03 350.000000  0.000000 0.063380 0.006240
50 0.03 300.000000  0.000000 0.105634 0.011231
50 0.03 250.000000  0.000000 0.161972 0.022671
50 0.03 200.000000  0.000000 0.176056 0.028286
50 0.03 150.000000  0.000000 0.225352 0.034526
50 0.03 100.000000  0.000000 0.260563 0.040141
50 0.03 50.000000  0.000000 0.359155 0.053661
50 0.03 40.000000  0.000000 0.401408 0.061564
50 0.03 30.000000  0.000000 0.464789 0.071963
50 0.03 20.000000  0.000000 0.612676 0.086730
50 0.03 10.000000  0.000000 0.760563 0.130824
50 0.03 5.000000  0.000000 0.845070 0.212978
50 0.03 1.000000  0.000000 0.957746 0.449043
50 0.03 500.000000  0.000000 0.000000 0.000000
50 0.03 450.000000  0.000000 0.000000 0.000000
50 0.03 400.000000  0.000000 0.000000 0.000000
50 0.03 350.000000  0.000000 0.000000 0.000000
50 0.03 300.000000  0.000000 0.013889 0.000000
50 0.03 250.000000  0.000000 0.055556 0.001248
50 0.03 200.000000  0.000000 0.104167 0.003329
50 0.03 150.000000  0.000000 0.166667 0.009988
50 0.03 100.000000  0.000000 0.208333 0.018310
50 0.03 50.000000  0.000000 0.298611 0.031211
50 0.03 40.000000  0.000000 0.347222 0.040158
50 0.03 30.000000  0.000000 0.458333 0.049313
50 0.03 20.000000  0.000000 0.562500 0.068248
50 0.03 10.000000  0.000000 0.687500 0.117978
50 0.03 5.000000  0.000000 0.805556 0.195589
50 0.03 1.000000  0.000000 0.958333 0.451311
50 0.03 500.000000  0.000000 0.054217 0.016095
50 0.03 450.000000  0.000000 0.066265 0.017349
50 0.03 400.000000  0.000000 0.078313 0.018813
50 0.03 350.000000  0.000000 0.090361 0.020903
50 0.03 300.000000  0.000000 0.096386 0.022784
50 0.03 250.000000  0.000000 0.102410 0.025293
50 0.03 200.000000  0.000000 0.120482 0.028846
50 0.03 150.000000  0.000000 0.138554 0.032609
50 0.03 100.000000  0.000000 0.180723 0.035744
50 0.03 50.000000  0.000000 0.289157 0.048704
50 0.03 40.000000  0.000000 0.313253 0.054766
50 0.03 30.000000  0.000000 0.343373 0.062709
50 0.03 20.000000  0.000000 0.493976 0.080268
50 0.03 10.000000  0.000000 0.650602 0.125836
50 0.03 5.000000  0.000000 0.734940 0.200878
50 0.03 1.000000  0.000000 0.843373 0.447952
100 0.03 500.000000  0.000000 0.065789 0.008128
100 0.03 450.000000  0.000000 0.072368 0.008128
100 0.03 400.000000  0.000000 0.085526 0.008337
100 0.03 350.000000  0.000000 0.098684 0.009170
100 0.03 300.000000  0.000000 0.111842 0.010004
100 0.03 250.000000  0.000000 0.131579 0.011880
100 0.03 200.000000  0.000000 0.157895 0.014798
100 0.03 150.000000  0.000000 0.184211 0.018966
100 0.03 100.000000  0.000000 0.250000 0.025636
100 0.03 50.000000  0.000000 0.467105 0.043768
100 0.03 40.000000  0.000000 0.559211 0.051897
100 0.03 30.000000  0.000000 0.631579 0.066278
100 0.03 20.000000  0.000000 0.677632 0.086078
100 0.03 10.000000  0.000000 0.835526 0.145060
100 0.03 5.000000  0.000000 0.921053 0.242810
100 0.03 1.000000  0.000000 0.993421 0.492497
100 0.03 500.000000  0.000000 0.123188 0.028055
100 0.03 450.000000  0.000000 0.159420 0.029925
100 0.03 400.000000  0.000000 0.202899 0.032419
100 0.03 350.000000  0.000000 0.231884 0.036783
100 0.03 300.000000  0.000000 0.239130 0.041147
100 0.03 250.000000  0.000000 0.239130 0.045511
100 0.03 200.000000  0.000000 0.253623 0.051538
100 0.03 150.000000  0.000000 0.289855 0.054239
100 0.03 100.000000  0.000000 0.369565 0.062136
100 0.03 50.000000  0.000000 0.528986 0.080216
100 0.03 40.000000  0.000000 0.615942 0.088321
100 0.03 30.000000  0.000000 0.702899 0.098296
100 0.03 20.000000  0.000000 0.789855 0.120116
100 0.03 10.000000  0.000000 0.898551 0.173525
100 0.03 5.000000  0.000000 0.949275 0.252286
100 0.03 1.000000  0.000000 0.963768 0.456567
100 0.03 500.000000  0.000000 0.183099 0.031822
100 0.03 450.000000  0.000000 0.190141 0.033278
100 0.03 400.000000  0.000000 0.197183 0.036190
100 0.03 350.000000  0.000000 0.211268 0.038686
100 0.03 300.000000  0.000000 0.225352 0.040765
100 0.03 250.000000  0.000000 0.239437 0.043885
100 0.03 200.000000  0.000000 0.260563 0.048461
100 0.03 150.000000  0.000000 0.316901 0.053245
100 0.03 100.000000  0.000000 0.359155 0.059484
100 0.03 50.000000  0.000000 0.556338 0.077787
100 0.03 40.000000  0.000000 0.661972 0.086522
100 0.03 30.000000  0.000000 0.739437 0.097338
100 0.03 20.000000  0.000000 0.767606 0.118968
100 0.03 10.000000  0.000000 0.866197 0.170757
100 0.03 5.000000  0.000000 0.957746 0.258319
100 0.03 1.000000  0.000000 1.000000 0.471506
100 0.03 500.000000  0.000000 0.076389 0.003537
100 0.03 450.000000  0.000000 0.090278 0.006450
100 0.03 400.000000  0.000000 0.097222 0.009363
100 0.03 350.000000  0.000000 0.118056 0.012692
100 0.03 300.000000  0.000000 0.138889 0.014773
100 0.03 250.000000  0.000000 0.166667 0.018102
100 0.03 200.000000  0.000000 0.215278 0.022680
100 0.03 150.000000  0.000000 0.263889 0.027882
100 0.03 100.000000  0.000000 0.361111 0.035997
100 0.03 50.000000  0.000000 0.506944 0.053683
100 0.03 40.000000  0.000000 0.576389 0.063046
100 0.03 30.000000  0.000000 0.645833 0.074074
100 0.03 20.000000  0.000000 0.736111 0.091760
100 0.03 10.000000  0.000000 0.861111 0.151893
100 0.03 5.000000  0.000000 0.958333 0.244486
100 0.03 1.000000  0.000000 0.986111 0.480649
100 0.03 500.000000  0.000000 0.096386 0.019231
100 0.03 450.000000  0.000000 0.102410 0.021530
100 0.03 400.000000  0.000000 0.102410 0.023620
100 0.03 350.000000  0.000000 0.114458 0.025920
100 0.03 300.000000  0.000000 0.120482 0.027592
100 0.03 250.000000  0.000000 0.144578 0.029473
100 0.03 200.000000  0.000000 0.180723 0.032400
100 0.03 150.000000  0.000000 0.222892 0.036371
100 0.03 100.000000  0.000000 0.301205 0.047659
100 0.03 50.000000  0.000000 0.433735 0.065635
100 0.03 40.000000  0.000000 0.530120 0.075878
100 0.03 30.000000  0.000000 0.596386 0.089674
100 0.03 20.000000  0.000000 0.692771 0.111204
100 0.03 10.000000  0.000000 0.783133 0.175167
100 0.03 5.000000  0.000000 0.867470 0.272993
100 0.03 1.000000  0.000000 0.939759 0.497074
200 0.03 500.000000  0.000000 0.118421 0.008545
200 0.03 450.000000  0.000000 0.138158 0.009587
200 0.03 400.000000  0.000000 0.164474 0.011255
200 0.03 350.000000  0.000000 0.164474 0.012714
200 0.03 300.000000  0.000000 0.177632 0.014798
200 0.03 250.000000  0.000000 0.203947 0.017299
200 0.03 200.000000  0.000000 0.256579 0.020425
200 0.03 150.000000  0.000000 0.348684 0.025010
200 0.03 100.000000  0.000000 0.447368 0.034598
200 0.03 50.000000  0.000000 0.710526 0.056899
200 0.03 40.000000  0.000000 0.743421 0.069195
200 0.03 30.000000  0.000000 0.782895 0.085661
200 0.03 20.000000  0.000000 0.855263 0.115882
200 0.03 10.000000  0.000000 0.953947 0.189871
200 0.03 5.000000  0.000000 0.986842 0.292622
200 0.03 1.000000  0.000000 0.993421 0.497291
200 0.03 500.000000  0.000000 0.224638 0.028470
200 0.03 450.000000  0.000000 0.246377 0.031588
200 0.03 400.000000  0.000000 0.260870 0.035744
200 0.03 350.000000  0.000000 0.260870 0.038861
200 0.03 300.000000  0.000000 0.282609 0.043017
200 0.03 250.000000  0.000000 0.318841 0.046550
200 0.03 200.000000  0.000000 0.355072 0.050291
200 0.03 150.000000  0.000000 0.442029 0.055902
200 0.03 100.000000  0.000000 0.543478 0.064630
200 0.03 50.000000  0.000000 0.753623 0.085204
200 0.03 40.000000  0.000000 0.782609 0.095387
200 0.03 30.000000  0.000000 0.855072 0.108687
200 0.03 20.000000  0.000000 0.927536 0.130507
200 0.03 10.000000  0.000000 0.942029 0.192851
200 0.03 5.000000  0.000000 0.978261 0.279510
200 0.03 1.000000  0.000000 0.985507 0.435993
200 0.03 500.000000  0.000000 0.239437 0.031198
200 0.03 450.000000  0.000000 0.260563 0.034942
200 0.03 400.000000  0.000000 0.267606 0.039101
200 0.03 350.000000  0.000000 0.309859 0.042221
200 0.03 300.000000  0.000000 0.330986 0.044925
200 0.03 250.000000  0.000000 0.345070 0.048461
200 0.03 200.000000  0.000000 0.380282 0.051997
200 0.03 150.000000  0.000000 0.408451 0.056988
200 0.03 100.000000  0.000000 0.570423 0.067596
200 0.03 50.000000  0.000000 0.746479 0.089642
200 0.03 40.000000  0.000000 0.774648 0.099418
200 0.03 30.000000  0.000000 0.830986 0.114809
200 0.03 20.000000  0.000000 0.887324 0.139767
200 0.03 10.000000  0.000000 0.978873 0.203619
200 0.03 5.000000  0.000000 0.985915 0.295757
200 0.03 1.000000  0.000000 0.992958 0.457363
200 0.03 500.000000  0.000000 0.166667 0.012068
200 0.03 450.000000  0.000000 0.173611 0.016022
200 0.03 400.000000  0.000000 0.215278 0.019351
200 0.03 350.000000  0.000000 0.236111 0.021015
200 0.03 300.000000  0.000000 0.277778 0.023304
200 0.03 250.000000  0.000000 0.326389 0.028298
200 0.03 200.000000  0.000000 0.347222 0.033084
200 0.03 150.000000  0.000000 0.402778 0.040158
200 0.03 100.000000  0.000000 0.500000 0.050354
200 0.03 50.000000  0.000000 0.722222 0.068872
200 0.03 40.000000  0.000000 0.756944 0.078236
200 0.03 30.000000  0.000000 0.798611 0.092801
200 0.03 20.000000  0.000000 0.868056 0.123179
200 0.03 10.000000  0.000000 0.986111 0.192884
200 0.03 5.000000  0.000000 0.993056 0.286725
200 0.03 1.000000  0.000000 1.000000 0.475655
200 0.03 500.000000  0.000000 0.144578 0.020903
200 0.03 450.000000  0.000000 0.156627 0.021739
200 0.03 400.000000  0.000000 0.180723 0.023411
200 0.03 350.000000  0.000000 0.192771 0.025920
200 0.03 300.000000  0.000000 0.210843 0.028846
200 0.03 250.000000  0.000000 0.234940 0.033236
200 0.03 200.000000  0.000000 0.295181 0.039507
200 0.03 150.000000  0.000000 0.319277 0.046823
200 0.03 100.000000  0.000000 0.409639 0.057483
200 0.03 50.000000  0.000000 0.644578 0.084030
200 0.03 40.000000  0.000000 0.686747 0.093227
200 0.03 30.000000  0.000000 0.728916 0.109532
200 0.03 20.000000  0.000000 0.795181 0.134197
200 0.03 10.000000  0.000000 0.891566 0.204013
200 0.03 5.000000  0.000000 0.909639 0.296196
200 0.03 1.000000  0.000000 0.933735 0.464256
500 0.03 500.000000  0.000000 0.269737 0.021676
500 0.03 450.000000  0.000000 0.315789 0.025219
500 0.03 400.000000  0.000000 0.348684 0.027720
500 0.03 350.000000  0.000000 0.368421 0.030013
500 0.03 300.000000  0.000000 0.375000 0.033139
500 0.03 250.000000  0.000000 0.467105 0.040225
500 0.03 200.000000  0.000000 0.671053 0.049187
500 0.03 150.000000  0.000000 0.697368 0.055440
500 0.03 100.000000  0.000000 0.750000 0.062318
500 0.03 50.000000  0.000000 0.875000 0.088370
500 0.03 40.000000  0.000000 0.901316 0.102751
500 0.03 30.000000  0.000000 0.927632 0.121092
500 0.03 20.000000  0.000000 0.960526 0.152772
500 0.03 10.000000  0.000000 0.993421 0.224260
500 0.03 5.000000  0.000000 1.000000 0.313672
500 0.03 1.000000  0.000000 1.000000 0.431221
500 0.03 500.000000  0.000000 0.369565 0.042186
500 0.03 450.000000  0.000000 0.405797 0.045096
500 0.03 400.000000  0.000000 0.442029 0.049460
500 0.03 350.000000  0.000000 0.463768 0.052785
500 0.03 300.000000  0.000000 0.471014 0.056525
500 0.03 250.000000  0.000000 0.514493 0.061305
500 0.03 200.000000  0.000000 0.644928 0.068371
500 0.03 150.000000  0.000000 0.731884 0.075644
500 0.03 100.000000  0.000000 0.797101 0.087697
500 0.03 50.000000  0.000000 0.913043 0.117830
500 0.03 40.000000  0.000000 0.927536 0.126559
500 0.03 30.000000  0.000000 0.971014 0.144015
500 0.03 20.000000  0.000000 0.978261 0.171654
500 0.03 10.000000  0.000000 0.978261 0.232751
500 0.03 5.000000  0.000000 0.992754 0.291563
500 0.03 1.000000  0.000000 0.992754 0.387365
500 0.03 500.000000  0.000000 0.373239 0.042221
500 0.03 450.000000  0.000000 0.401408 0.047005
500 0.03 400.000000  0.000000 0.436620 0.050125
500 0.03 350.000000  0.000000 0.464789 0.054077
500 0.03 300.000000  0.000000 0.464789 0.059484
500 0.03 250.000000  0.000000 0.528169 0.065100
500 0.03 200.000000  0.000000 0.711268 0.073211
500 0.03 150.000000  0.000000 0.753521 0.080699
500 0.03 100.000000  0.000000 0.774648 0.092762
500 0.03 50.000000  0.000000 0.908451 0.116889
500 0.03 40.000000  0.000000 0.936620 0.128744
500 0.03 30.000000  0.000000 0.957746 0.141847
500 0.03 20.000000  0.000000 0.985915 0.169093
500 0.03 10.000000  0.000000 1.000000 0.232321
500 0.03 5.000000  0.000000 1.000000 0.299917
500 0.03 1.000000  0.000000 1.000000 0.397047
500 0.03 500.000000  0.000000 0.340278 0.029130
500 0.03 450.000000  0.000000 0.402778 0.034956
500 0.03 400.000000  0.000000 0.416667 0.040366
500 0.03 350.000000  0.000000 0.444444 0.043487
500 0.03 300.000000  0.000000 0.444444 0.045568
500 0.03 250.000000  0.000000 0.500000 0.049521
500 0.03 200.000000  0.000000 0.659722 0.055972
500 0.03 150.000000  0.000000 0.701389 0.063462
500 0.03 100.000000  0.000000 0.736111 0.074490
500 0.03 50.000000  0.000000 0.875000 0.099667
500 0.03 40.000000  0.000000 0.923611 0.112568
500 0.03 30.000000  0.000000 0.972222 0.127757
500 0.03 20.000000  0.000000 0.993056 0.154182
500 0.03 10.000000  0.000000 1.000000 0.226592
500 0.03 5.000000  0.000000 1.000000 0.308989
500 0.03 1.000000  0.000000 1.000000 0.432792
500 0.03 500.000000  0.000000 0.265060 0.028846
500 0.03 450.000000  0.000000 0.277108 0.031355
500 0.03 400.000000  0.000000 0.295181 0.034699
500 0.03 350.000000  0.000000 0.313253 0.038671
500 0.03 300.000000  0.000000 0.325301 0.042224
500 0.03 250.000000  0.000000 0.397590 0.051003
500 0.03 200.000000  0.000000 0.530120 0.062500
500 0.03 150.000000  0.000000 0.626506 0.071697
500 0.03 100.000000  0.000000 0.692771 0.083821
500 0.03 50.000000  0.000000 0.801205 0.108069
500 0.03 40.000000  0.000000 0.855422 0.119147
500 0.03 30.000000  0.000000 0.921687 0.132943
500 0.03 20.000000  0.000000 0.957831 0.164716
500 0.03 10.000000  0.000000 0.963855 0.225334
500 0.03 5.000000  0.000000 0.981928 0.302258
500 0.03 1.000000  0.000000 0.981928 0.415343
1000 0.03 500.000000  0.000000 0.421053 0.034806
1000 0.03 450.000000  0.000000 0.592105 0.041059
1000 0.03 400.000000  0.000000 0.677632 0.047103
1000 0.03 350.000000  0.000000 0.684211 0.053356
1000 0.03 300.000000  0.000000 0.703947 0.057107
1000 0.03 250.000000  0.000000 0.717105 0.059608
1000 0.03 200.000000  0.000000 0.750000 0.064193
1000 0.03 150.000000  0.000000 0.796053 0.069404
1000 0.03 100.000000  0.000000 0.894737 0.078783
1000 0.03 50.000000  0.000000 0.960526 0.110046
1000 0.03 40.000000  0.000000 0.980263 0.119425
1000 0.03 30.000000  0.000000 0.986842 0.140684
1000 0.03 20.000000  0.000000 0.993421 0.173406
1000 0.03 10.000000  0.000000 1.000000 0.242393
1000 0.03 5.000000  0.000000 1.000000 0.291580
1000 0.03 1.000000  0.000000 1.000000 0.371822
1000 0.03 500.000000  0.000000 0.507246 0.047174
1000 0.03 450.000000  0.000000 0.594203 0.052785
1000 0.03 400.000000  0.000000 0.673913 0.057772
1000 0.03 350.000000  0.000000 0.717391 0.062136
1000 0.03 300.000000  0.000000 0.739130 0.067332
1000 0.03 250.000000  0.000000 0.760870 0.072735
1000 0.03 200.000000  0.000000 0.804348 0.078761
1000 0.03 150.000000  0.000000 0.884058 0.089776
1000 0.03 100.000000  0.000000 0.920290 0.102244
1000 0.03 50.000000  0.000000 0.971014 0.124273
1000 0.03 40.000000  0.000000 0.971014 0.132377
1000 0.03 30.000000  0.000000 0.978261 0.147340
1000 0.03 20.000000  0.000000 0.985507 0.172278
1000 0.03 10.000000  0.000000 0.992754 0.225894
1000 0.03 5.000000  0.000000 0.992754 0.270366
1000 0.03 1.000000  0.000000 0.992754 0.329800
1000 0.03 500.000000  0.000000 0.556338 0.052621
1000 0.03 450.000000  0.000000 0.647887 0.057404
1000 0.03 400.000000  0.000000 0.739437 0.064892
1000 0.03 350.000000  0.000000 0.753521 0.069468
1000 0.03 300.000000  0.000000 0.760563 0.074875
1000 0.03 250.000000  0.000000 0.774648 0.079867
1000 0.03 200.000000  0.000000 0.774648 0.086730
1000 0.03 150.000000  0.000000 0.859155 0.094842
1000 0.03 100.000000  0.000000 0.915493 0.106281
1000 0.03 50.000000  0.000000 0.985915 0.130616
1000 0.03 40.000000  0.000000 0.992958 0.139143
1000 0.03 30.000000  0.000000 1.000000 0.153910
1000 0.03 20.000000  0.000000 1.000000 0.179077
1000 0.03 10.000000  0.000000 1.000000 0.240433
1000 0.03 5.000000  0.000000 1.000000 0.294093
1000 0.03 1.000000  0.000000 1.000000 0.354617
1000 0.03 500.000000  0.000000 0.520833 0.041823
1000 0.03 450.000000  0.000000 0.590278 0.047233
1000 0.03 400.000000  0.000000 0.659722 0.053683
1000 0.03 350.000000  0.000000 0.694444 0.059093
1000 0.03 300.000000  0.000000 0.694444 0.062006
1000 0.03 250.000000  0.000000 0.722222 0.065127
1000 0.03 200.000000  0.000000 0.750000 0.069288
1000 0.03 150.000000  0.000000 0.791667 0.075531
1000 0.03 100.000000  0.000000 0.888889 0.086975
1000 0.03 50.000000  0.000000 0.993056 0.110071
1000 0.03 40.000000  0.000000 1.000000 0.122139
1000 0.03 30.000000  0.000000 1.000000 0.139617
1000 0.03 20.000000  0.000000 1.000000 0.169580
1000 0.03 10.000000  0.000000 1.000000 0.231169
1000 0.03 5.000000  0.000000 1.000000 0.291094
1000 0.03 1.000000  0.000000 1.000000 0.368082
1000 0.03 500.000000  0.000000 0.379518 0.043060
1000 0.03 450.000000  0.000000 0.475904 0.048704
1000 0.03 400.000000  0.000000 0.572289 0.055811
1000 0.03 350.000000  0.000000 0.608434 0.061246
1000 0.03 300.000000  0.000000 0.626506 0.067308
1000 0.03 250.000000  0.000000 0.650602 0.072324
1000 0.03 200.000000  0.000000 0.662651 0.079640
1000 0.03 150.000000  0.000000 0.698795 0.087375
1000 0.03 100.000000  0.000000 0.801205 0.101380
1000 0.03 50.000000  0.000000 0.945783 0.124791
1000 0.03 40.000000  0.000000 0.951807 0.136079
1000 0.03 30.000000  0.000000 0.963855 0.150711
1000 0.03 20.000000  0.000000 0.975904 0.181856
1000 0.03 10.000000  0.000000 0.987952 0.239967
1000 0.03 5.000000  0.000000 0.987952 0.289716
1000 0.03 1.000000  0.000000 0.987952 0.365385
5000 0.03 500.000000  0.000000 0.894737 0.057107
5000 0.03 450.000000  0.000000 0.940789 0.059608
5000 0.03 400.000000  0.000000 0.953947 0.062734
5000 0.03 350.000000  0.000000 0.953947 0.067111
5000 0.03 300.000000  0.000000 0.960526 0.071488
5000 0.03 250.000000  0.000000 0.973684 0.075448
5000 0.03 200.000000  0.000000 0.980263 0.082951
5000 0.03 150.000000  0.000000 0.993421 0.092539
5000 0.03 100.000000  0.000000 1.000000 0.103168
5000 0.03 50.000000  0.000000 1.000000 0.130054
5000 0.03 40.000000  0.000000 1.000000 0.141100
5000 0.03 30.000000  0.000000 1.000000 0.155065
5000 0.03 20.000000  0.000000 1.000000 0.171321
5000 0.03 10.000000  0.000000 1.000000 0.197374
5000 0.03 5.000000  0.000000 1.000000 0.214464
5000 0.03 1.000000  0.000000 1.000000 0.227386
5000 0.03 500.000000  0.000000 0.934783 0.075852
5000 0.03 450.000000  0.000000 0.956522 0.078346
5000 0.03 400.000000  0.000000 0.956522 0.082502
5000 0.03 350.000000  0.000000 0.956522 0.084580
5000 0.03 300.000000  0.000000 0.971014 0.088321
5000 0.03 250.000000  0.000000 0.971014 0.093308
5000 0.03 200.000000  0.000000 0.978261 0.098088
5000 0.03 150.000000  0.000000 0.992754 0.105362
5000 0.03 100.000000  0.000000 0.992754 0.115129
5000 0.03 50.000000  0.000000 0.992754 0.133624
5000 0.03 40.000000  0.000000 0.992754 0.142352
5000 0.03 30.000000  0.000000 0.992754 0.150457
5000 0.03 20.000000  0.000000 0.992754 0.170407
5000 0.03 10.000000  0.000000 0.992754 0.189526
5000 0.03 5.000000  0.000000 0.992754 0.203658
5000 0.03 1.000000  0.000000 0.992754 0.214672
5000 0.03 500.000000  0.000000 0.929577 0.076123
5000 0.03 450.000000  0.000000 0.936620 0.078619
5000 0.03 400.000000  0.000000 0.957746 0.083819
5000 0.03 350.000000  0.000000 0.978873 0.088602
5000 0.03 300.000000  0.000000 0.978873 0.094218
5000 0.03 250.000000  0.000000 0.992958 0.101913
5000 0.03 200.000000  0.000000 1.000000 0.107945
5000 0.03 150.000000  0.000000 1.000000 0.115433
5000 0.03 100.000000  0.000000 1.000000 0.127496
5000 0.03 50.000000  0.000000 1.000000 0.151206
5000 0.03 40.000000  0.000000 1.000000 0.160982
5000 0.03 30.000000  0.000000 1.000000 0.172005
5000 0.03 20.000000  0.000000 1.000000 0.188436
5000 0.03 10.000000  0.000000 1.000000 0.208195
5000 0.03 5.000000  0.000000 1.000000 0.224626
5000 0.03 1.000000  0.000000 1.000000 0.239185
5000 0.03 500.000000  0.000000 0.937500 0.064087
5000 0.03 450.000000  0.000000 0.979167 0.067832
5000 0.03 400.000000  0.000000 0.986111 0.072201
5000 0.03 350.000000  0.000000 0.986111 0.076363
5000 0.03 300.000000  0.000000 0.993056 0.082397
5000 0.03 250.000000  0.000000 0.993056 0.086350
5000 0.03 200.000000  0.000000 0.993056 0.091760
5000 0.03 150.000000  0.000000 1.000000 0.097378
5000 0.03 100.000000  0.000000 1.000000 0.106950
5000 0.03 50.000000  0.000000 1.000000 0.134831
5000 0.03 40.000000  0.000000 1.000000 0.144819
5000 0.03 30.000000  0.000000 1.000000 0.157095
5000 0.03 20.000000  0.000000 1.000000 0.172701
5000 0.03 10.000000  0.000000 1.000000 0.196421
5000 0.03 5.000000  0.000000 1.000000 0.214107
5000 0.03 1.000000  0.000000 1.000000 0.226176
5000 0.03 500.000000  0.000000 0.819277 0.077550
5000 0.03 450.000000  0.000000 0.855422 0.080268
5000 0.03 400.000000  0.000000 0.891566 0.085911
5000 0.03 350.000000  0.000000 0.891566 0.090719
5000 0.03 300.000000  0.000000 0.927711 0.098244
5000 0.03 250.000000  0.000000 0.939759 0.102216
5000 0.03 200.000000  0.000000 0.945783 0.109741
5000 0.03 150.000000  0.000000 0.951807 0.116430
5000 0.03 100.000000  0.000000 0.975904 0.128135
5000 0.03 50.000000  0.000000 0.987952 0.149038
5000 0.03 40.000000  0.000000 0.987952 0.157818
5000 0.03 30.000000  0.000000 0.993976 0.168896
5000 0.03 20.000000  0.000000 0.993976 0.189172
5000 0.03 10.000000  0.000000 0.993976 0.213420
5000 0.03 5.000000  0.000000 0.993976 0.233278
5000 0.03 1.000000  0.000000 0.993976 0.248119
10000 0.03 500.000000  0.000000 0.980263 0.064819
10000 0.03 450.000000  0.000000 0.980263 0.067945
10000 0.03 400.000000  0.000000 0.980263 0.069612
10000 0.03 350.000000  0.000000 0.980263 0.072739
10000 0.03 300.000000  0.000000 1.000000 0.075448
10000 0.03 250.000000  0.000000 1.000000 0.079200
10000 0.03 200.000000  0.000000 1.000000 0.084410
10000 0.03 150.000000  0.000000 1.000000 0.093164
10000 0.03 100.000000  0.000000 1.000000 0.103585
10000 0.03 50.000000  0.000000 1.000000 0.126511
10000 0.03 40.000000  0.000000 1.000000 0.132138
10000 0.03 30.000000  0.000000 1.000000 0.140892
10000 0.03 20.000000  0.000000 1.000000 0.152772
10000 0.03 10.000000  0.000000 1.000000 0.170071
10000 0.03 5.000000  0.000000 1.000000 0.174239
10000 0.03 1.000000  0.000000 1.000000 0.179033
10000 0.03 500.000000  0.000000 0.971014 0.084372
10000 0.03 450.000000  0.000000 0.971014 0.086035
10000 0.03 400.000000  0.000000 0.985507 0.087282
10000 0.03 350.000000  0.000000 0.992754 0.089360
10000 0.03 300.000000  0.000000 0.992754 0.091230
10000 0.03 250.000000  0.000000 0.992754 0.094763
10000 0.03 200.000000  0.000000 0.992754 0.097465
10000 0.03 150.000000  0.000000 0.992754 0.104323
10000 0.03 100.000000  0.000000 0.992754 0.112635
10000 0.03 50.000000  0.000000 0.992754 0.129676
10000 0.03 40.000000  0.000000 0.992754 0.133001
10000 0.03 30.000000  0.000000 0.992754 0.138196
10000 0.03 20.000000  0.000000 0.992754 0.144223
10000 0.03 10.000000  0.000000 0.992754 0.157315
10000 0.03 5.000000  0.000000 0.992754 0.164381
10000 0.03 1.000000  0.000000 0.992754 0.169784
10000 0.03 500.000000  0.000000 1.000000 0.086938
10000 0.03 450.000000  0.000000 1.000000 0.087562
10000 0.03 400.000000  0.000000 1.000000 0.094634
10000 0.03 350.000000  0.000000 1.000000 0.096922
10000 0.03 300.000000  0.000000 1.000000 0.100250
10000 0.03 250.000000  0.000000 1.000000 0.104409
10000 0.03 200.000000  0.000000 1.000000 0.109609
10000 0.03 150.000000  0.000000 1.000000 0.115641
10000 0.03 100.000000  0.000000 1.000000 0.122712
10000 0.03 50.000000  0.000000 1.000000 0.142263
10000 0.03 40.000000  0.000000 1.000000 0.146007
10000 0.03 30.000000  0.000000 1.000000 0.152038
10000 0.03 20.000000  0.000000 1.000000 0.163478
10000 0.03 10.000000  0.000000 1.000000 0.175957
10000 0.03 5.000000  0.000000 1.000000 0.185108
10000 0.03 1.000000  0.000000 1.000000 0.190308
10000 0.03 500.000000  0.000000 0.993056 0.074906
10000 0.03 450.000000  0.000000 0.993056 0.076363
10000 0.03 400.000000  0.000000 1.000000 0.078652
10000 0.03 350.000000  0.000000 1.000000 0.081565
10000 0.03 300.000000  0.000000 1.000000 0.083854
10000 0.03 250.000000  0.000000 1.000000 0.086975
10000 0.03 200.000000  0.000000 1.000000 0.090720
10000 0.03 150.000000  0.000000 1.000000 0.098419
10000 0.03 100.000000  0.000000 1.000000 0.108614
10000 0.03 50.000000  0.000000 1.000000 0.127549
10000 0.03 40.000000  0.000000 1.000000 0.132751
10000 0.03 30.000000  0.000000 1.000000 0.139617
10000 0.03 20.000000  0.000000 1.000000 0.144819
10000 0.03 10.000000  0.000000 1.000000 0.157511
10000 0.03 5.000000  0.000000 1.000000 0.163962
10000 0.03 1.000000  0.000000 1.000000 0.175406
10000 0.03 500.000000  0.000000 0.945783 0.093645
10000 0.03 450.000000  0.000000 0.945783 0.096572
10000 0.03 400.000000  0.000000 0.951807 0.099289
10000 0.03 350.000000  0.000000 0.969880 0.100543
10000 0.03 300.000000  0.000000 0.969880 0.104724
10000 0.03 250.000000  0.000000 0.969880 0.107651
10000 0.03 200.000000  0.000000 0.969880 0.113294
10000 0.03 150.000000  0.000000 0.981928 0.119356
10000 0.03 100.000000  0.000000 0.993976 0.125836
10000 0.03 50.000000  0.000000 0.993976 0.148411
10000 0.03 40.000000  0.000000 0.993976 0.152592
10000 0.03 30.000000  0.000000 1.000000 0.160535
10000 0.03 20.000000  0.000000 1.000000 0.169105
10000 0.03 10.000000  0.000000 1.000000 0.189590
10000 0.03 5.000000  0.000000 1.000000 0.200042
10000 0.03 1.000000  0.000000 1.000000 0.205895
