%n density  glcalls lse TP FP 
30 0.0614 4 1.028063 0 0.001704667
30 0.0614 4 0.990211 0.003891051 0.00063925
30 0.0614 4 1.026680 0 0.0002130833
30 0.0614 4 1.031001 0 0.00063925
30 0.0614 4 1.028898 0.007782101 0.002343916
30 0.0612 4 1.022951 0 0.0006391138
30 0.0612 4 1.008231 0 0.0002130379
30 0.0612 4 1.027348 0.0078125 0.001704303
30 0.0612 4 1.011636 0 0.001917341
30 0.0612 4 1.027884 0 0.001065190
30 0.0616 4 0.987111 0 0.001491901
30 0.0616 4 1.040133 0.01162791 0.001491901
30 0.0616 4 1.023928 0 0.000852515
30 0.0616 4 1.025803 0 0.001918159
30 0.0616 4 1.029145 0.003875969 0.0004262575
30 0.0614 4 0.9979218 0 0.0008523333
30 0.0614 4 0.9940306 0.01167315 0.0012785
30 0.0614 4 1.023771 0 0.0012785
30 0.0614 4 1.015268 0 0.00063925
30 0.0614 4 1.021578 0.003891051 0.002557
30 0.0618 4 1.017331 0 0.0006395225
30 0.0618 4 1.015231 0 0.001492219
30 0.0618 4 1.021807 0 0.001065871
30 0.0618 4 1.008163 0 0.0008526967
30 0.0618 4 1.036342 0.01158301 0.001065871
30 0.2188 4 1.067362 0.005747126 0.001792115
30 0.2188 4 1.055497 0.0009578544 0.002560164
30 0.2188 4 1.055595 0.002873563 0.001024066
30 0.2188 4 1.033151 0.0009578544 0.001024066
30 0.2188 4 1.089861 0.001915709 0.0005120328
30 0.2196 4 1.039674 0.008587786 0.002306509
30 0.2196 4 1.103069 0.006679389 0.001793952
30 0.2196 4 1.055133 0.001908397 0.002562788
30 0.2196 4 1.046481 0.004770992 0.002306509
30 0.2196 4 1.067919 0.007633588 0.001793952
30 0.219 4 1.069314 0.001913876 0.001792574
30 0.219 4 1.060714 0.002870813 0.001024328
30 0.219 4 1.066398 0.002870813 0.0007682458
30 0.219 4 1.061486 0.001913876 0.001536492
30 0.219 4 1.042776 0.003827751 0.002048656
30 0.2182 4 1.048797 0.002881844 0.001534919
30 0.2182 4 1.100371 0 0.0007674597
30 0.2182 4 1.059279 0.005763689 0.001279100
30 0.2182 4 1.088923 0.002881844 0.002046559
30 0.2182 4 1.09686 0.006724304 0.002814019
30 0.2194 4 1.072011 0.005730659 0.001793492
30 0.2194 4 1.091634 0.001910220 0.0005124263
30 0.2194 4 1.047812 0.005730659 0.004355624
30 0.2194 4 1.074205 0.002865330 0.0007686395
30 0.2194 4 1.079026 0.003820439 0.003330771
30 0.3138 4 1.058549 0 0.003497523
30 0.3138 4 1.095585 0.001974984 0.001457301
30 0.3138 4 1.092265 0.003291639 0.002623142
30 0.3138 4 1.052611 0.005266623 0.003788983
30 0.3138 4 1.111535 0.005266623 0.0005829204
30 0.3146 4 1.078470 0.003282994 0.002042603
30 0.3146 4 1.078076 0.003282994 0.001459002
30 0.3146 4 1.091143 0.002626395 0.001459002
30 0.3146 4 1.090744 0.001969796 0.002042603
30 0.3146 4 1.097623 0.005909389 0.003501605
30 0.3138 4 1.081309 0.007899934 0.004371903
30 0.3138 4 1.073395 0.001316656 0.0005829204
30 0.3138 4 1.089463 0.001316656 0.002040222
30 0.3138 4 1.081341 0.005266623 0.002040222
30 0.3138 4 1.076752 0.002633311 0.001457301
30 0.3128 4 1.067231 0.00330251 0.003492433
30 0.3128 4 1.081425 0.002642008 0.002037253
30 0.3128 4 1.079483 0.005284016 0.002619325
30 0.3128 4 1.055914 0.000660502 0.0005820722
30 0.3128 4 1.067931 0.002642008 0.003783469
30 0.3138 4 1.054766 0.005266623 0.002331682
30 0.3138 4 1.071857 0.003949967 0.0008743806
30 0.3138 4 1.096209 0.003291639 0.001165841
30 0.3138 4 1.09873 0.001316656 0.0005829204
30 0.3138 4 1.080716 0.003291639 0.001457301
50 0.0614 5 0.9918078 0.01945525 0.008523333
50 0.0614 5 1.034888 0.02334630 0.01193267
50 0.0614 5 1.047921 0.02334630 0.01001492
50 0.0614 5 1.023723 0.01167315 0.007671
50 0.0614 5 1.014213 0.01556420 0.008523333
50 0.0612 5 1.017572 0.02734375 0.008734555
50 0.0612 5 1.030623 0.01171875 0.007030251
50 0.0612 5 1.038902 0.0078125 0.006604176
50 0.0612 5 1.008526 0.01953125 0.009586706
50 0.0612 4 1.022542 0.00390625 0.00724329
50 0.0616 5 1.018818 0.02713178 0.007885763
50 0.0616 5 1.008099 0.02713178 0.00831202
50 0.0616 5 1.021183 0.01162791 0.009590793
50 0.0616 5 1.036478 0.01550388 0.00831202
50 0.0616 5 1.010731 0.03488372 0.01023018
50 0.0614 5 1.022109 0.03501946 0.01193267
50 0.0614 5 1.025890 0.01556420 0.0089495
50 0.0614 5 1.010013 0.01945525 0.01108033
50 0.0614 5 1.000807 0.01556420 0.006605583
50 0.0614 4 1.013653 0.007782101 0.00575325
50 0.0618 5 1.027690 0.03474903 0.01215093
50 0.0618 5 1.024160 0.02702703 0.01001919
50 0.0618 5 1.035620 0.01544402 0.008953315
50 0.0618 5 1.041084 0.04247104 0.01108506
50 0.0618 5 1.015697 0.01930502 0.01001919
50 0.2188 5 1.032363 0.01819923 0.01100870
50 0.2188 5 1.063388 0.02586207 0.01049667
50 0.2188 5 1.089742 0.02203065 0.008960573
50 0.2188 5 1.059089 0.01915709 0.01049667
50 0.2188 5 1.057705 0.01340996 0.01254480
50 0.2196 5 1.069594 0.02003817 0.01230138
50 0.2196 5 1.068273 0.02576336 0.01076371
50 0.2196 5 1.088592 0.02194656 0.01255766
50 0.2196 5 1.036631 0.01908397 0.01486417
50 0.2196 5 1.052768 0.02671756 0.009226038
50 0.219 5 1.054218 0.01818182 0.009731114
50 0.219 5 1.062532 0.03253589 0.01049936
50 0.219 5 1.073171 0.02583732 0.01357234
50 0.219 5 1.056821 0.02392344 0.01638924
50 0.219 5 1.063204 0.01818182 0.006914213
50 0.2182 5 1.063730 0.01921230 0.01074444
50 0.2182 5 1.06088 0.02305476 0.009465336
50 0.2182 5 1.050492 0.01536984 0.01253518
50 0.2182 5 1.069938 0.04226705 0.01739575
50 0.2182 5 1.073256 0.02977906 0.01074444
50 0.2194 5 1.036102 0.02292264 0.01178581
50 0.2194 5 1.050205 0.01910220 0.01152959
50 0.2194 5 1.054401 0.02292264 0.01332308
50 0.2194 5 1.060032 0.02483286 0.01537279
50 0.2194 5 1.082464 0.02196753 0.01024853
50 0.3138 5 1.097949 0.03423305 0.01603031
50 0.3138 5 1.126243 0.0283081 0.01457301
50 0.3138 5 1.093427 0.02567479 0.01369863
50 0.3138 5 1.082511 0.03028308 0.01457301
50 0.3138 5 1.060033 0.02304147 0.01428155
50 0.3146 5 1.083526 0.01772817 0.01138022
50 0.3146 5 1.093748 0.02560735 0.01400642
50 0.3146 5 1.110722 0.03151674 0.009337613
50 0.3146 5 1.060191 0.01707157 0.01254742
50 0.3146 5 1.091353 0.02101116 0.01750802
50 0.3138 5 1.108664 0.01974984 0.01807053
50 0.3138 5 1.073778 0.02238315 0.01340717
50 0.3138 5 1.082145 0.02896643 0.02040222
50 0.3138 5 1.053556 0.04147465 0.01544739
50 0.3138 5 1.078519 0.02501646 0.01369863
50 0.3128 5 1.064799 0.01915456 0.01193248
50 0.3128 5 1.094795 0.02179657 0.01542491
50 0.3128 5 1.063558 0.02840159 0.01367870
50 0.3128 5 1.099572 0.02179657 0.01309662
50 0.3128 5 1.076849 0.01915456 0.01367870
50 0.3138 5 1.108605 0.02435813 0.01748761
50 0.3138 5 1.045448 0.02238315 0.01573885
50 0.3138 5 1.102603 0.02764977 0.01253279
50 0.3138 5 1.108272 0.02962475 0.01894491
50 0.3138 5 1.075822 0.02764977 0.01428155
500 0.0614 5 1.007815 0.4669261 0.092052
500 0.0614 5 0.9904589 0.3891051 0.09034733
500 0.0614 5 1.020481 0.459144 0.0856595
500 0.0614 5 0.989818 0.3968872 0.08544641
500 0.0614 5 1.014507 0.4396887 0.0882165
500 0.0612 5 1.015663 0.3945312 0.08351086
500 0.0612 5 1.010628 0.421875 0.08436302
500 0.0612 5 1.008651 0.4453125 0.0988496
500 0.0612 5 1.013732 0.4179688 0.08564124
500 0.0612 5 1.023761 0.4257812 0.08883681
500 0.0616 5 1.003996 0.3875969 0.09185848
500 0.0616 5 1.031949 0.4341085 0.08653026
500 0.0616 5 0.9861457 0.4341085 0.0875959
500 0.0616 5 0.9854082 0.3837209 0.08418585
500 0.0616 5 0.976843 0.4573643 0.09036658
500 0.0614 5 1.01742 0.4124514 0.09119966
500 0.0614 5 1.015457 0.4513619 0.09141274
500 0.0614 5 0.9933262 0.4435798 0.08608566
500 0.0614 5 1.021158 0.4474708 0.09119966
500 0.0614 5 0.9946748 0.3774319 0.08395483
500 0.0618 5 1.028633 0.4401544 0.0842038
500 0.0618 5 0.9899226 0.4169884 0.09017267
500 0.0618 5 1.000072 0.3976834 0.0899595
500 0.0618 5 1.005458 0.4401544 0.09315711
500 0.0618 5 1.028741 0.4131274 0.08889363
500 0.2188 5 0.992148 0.4329502 0.1451613
500 0.2188 5 1.012472 0.4348659 0.1385049
500 0.2188 5 1.023644 0.4233716 0.1367127
500 0.2188 5 1.007027 0.4454023 0.1369688
500 0.2188 5 1.025433 0.3840996 0.1364567
500 0.2196 5 1.016635 0.4456107 0.1342901
500 0.2196 5 1.037487 0.4475191 0.1381343
500 0.2196 5 1.029845 0.4093511 0.1348027
500 0.2196 5 1.049426 0.4236641 0.1350589
500 0.2196 5 1.031421 0.4036260 0.1283957
500 0.219 5 1.046219 0.4354067 0.1449424
500 0.219 5 1.030849 0.4200957 0.1280410
500 0.219 5 1.053169 0.4143541 0.1326504
500 0.219 5 1.038951 0.4344498 0.1341869
500 0.219 5 1.024741 0.4229665 0.1270166
500 0.2182 5 1.036150 0.4495677 0.1381427
500 0.2182 5 1.038691 0.4639769 0.1427475
500 0.2182 5 1.014257 0.4332373 0.1348171
500 0.2182 5 1.033607 0.4188280 0.1337938
500 0.2182 5 1.024636 0.4505283 0.1440266
500 0.2194 5 1.031950 0.4584527 0.1509096
500 0.2194 5 1.034268 0.4231137 0.1386113
500 0.2194 5 1.051796 0.4469914 0.1421983
500 0.2194 5 1.026821 0.4326648 0.1421983
500 0.2194 5 1.042347 0.4469914 0.1378427
500 0.3138 5 1.037812 0.4213298 0.1734188
500 0.3138 5 1.045097 0.4634628 0.1839114
500 0.3138 5 1.058128 0.4285714 0.1681725
500 0.3138 5 1.041136 0.4628045 0.1798310
500 0.3138 5 1.037588 0.443713 0.1900321
500 0.3146 5 1.031854 0.4478004 0.1721622
500 0.3146 5 1.027142 0.4491136 0.1739130
500 0.3146 5 1.026425 0.4169402 0.1753720
500 0.3146 5 1.019771 0.432042 0.1736212
500 0.3146 5 1.028723 0.4182534 0.1651590
500 0.3138 5 1.016097 0.4516129 0.1777907
500 0.3138 5 0.999131 0.4325214 0.1652579
500 0.3138 5 1.035810 0.4318631 0.1693384
500 0.3138 5 1.034715 0.4641211 0.1646750
500 0.3138 5 1.053977 0.4325214 0.1748761
500 0.3128 5 1.022256 0.4187583 0.1641444
500 0.3128 5 1.022643 0.4128137 0.1731665
500 0.3128 5 1.031168 0.4412153 0.1682189
500 0.3128 5 1.008131 0.413144 0.169383
500 0.3128 5 1.033271 0.4524439 0.1676368
500 0.3138 5 1.053485 0.4147465 0.1786651
500 0.3138 5 1.037523 0.4239631 0.1812883
500 0.3138 5 1.03261 0.4391047 0.168464
500 0.3138 5 1.035349 0.4325214 0.1681725
500 0.3138 5 1.006469 0.4430546 0.1818712
1000 0.0614 5 1.005617 0.618677 0.1033454
1000 0.0614 5 0.9919169 0.540856 0.1065417
1000 0.0614 5 1.014573 0.6381323 0.09375666
1000 0.0614 5 1.019374 0.6225681 0.1135734
1000 0.0614 5 1.004437 0.5836576 0.104837
1000 0.0612 5 1.013045 0.609375 0.1035364
1000 0.0612 5 1.033104 0.5664062 0.0988496
1000 0.0612 5 0.9980144 0.578125 0.1011930
1000 0.0612 5 1.004737 0.5703125 0.1018321
1000 0.0612 5 1.001324 0.671875 0.1137622
1000 0.0616 5 0.9971099 0.624031 0.1106138
1000 0.0616 5 1.001804 0.5930233 0.1031543
1000 0.0616 5 1.002370 0.631783 0.1027280
1000 0.0616 5 0.987586 0.5658915 0.09100597
1000 0.0616 5 1.007546 0.5581395 0.09782609
1000 0.0614 5 1.014245 0.6225681 0.1012146
1000 0.0614 5 1.001594 0.5603113 0.1033454
1000 0.0614 5 1.010221 0.5992218 0.1193267
1000 0.0614 5 0.9872738 0.614786 0.1095248
1000 0.0614 5 1.011138 0.5564202 0.09652674
1000 0.0618 5 1.012180 0.6332046 0.1172458
1000 0.0618 5 0.9951422 0.5791506 0.1027499
1000 0.0618 5 0.9949996 0.5984556 0.1082925
1000 0.0618 5 1.020200 0.6293436 0.1091452
1000 0.0618 5 0.9922416 0.6293436 0.1078661
1000 0.2188 5 1.023298 0.5967433 0.1825397
1000 0.2188 5 1.011171 0.6101533 0.2025090
1000 0.2188 5 1.000978 0.5977011 0.1861239
1000 0.2188 5 1.027519 0.6388889 0.2027650
1000 0.2188 5 1.027788 0.5603448 0.1789555
1000 0.2196 5 1.014760 0.6078244 0.1817017
1000 0.2196 5 0.9978885 0.6097328 0.1852896
1000 0.2196 5 0.9973221 0.6259542 0.2001538
1000 0.2196 5 1.009868 0.644084 0.1883649
1000 0.2196 5 1.004876 0.6068702 0.1804203
1000 0.219 5 1.023263 0.6200957 0.1764405
1000 0.219 5 0.9945063 0.6277512 0.1974392
1000 0.219 5 0.9900822 0.6124402 0.1725992
1000 0.219 5 1.026839 0.5990431 0.187452
1000 0.219 5 0.9847839 0.6133971 0.1902689
1000 0.2182 5 0.9979798 0.6445725 0.2005628
1000 0.2182 5 0.9640157 0.6195965 0.1859811
1000 0.2182 5 1.030439 0.5994236 0.1798414
1000 0.2182 5 0.9779677 0.6320845 0.2041443
1000 0.2182 5 1.007116 0.6503362 0.2028652
1000 0.2194 5 0.9951763 0.626552 0.1821676
1000 0.2194 5 1.000544 0.6284623 0.2013836
1000 0.2194 5 0.9930408 0.6007641 0.1844735
1000 0.2194 5 1.015894 0.5807068 0.1767871
1000 0.2194 5 0.9963997 0.6542502 0.1929285
1000 0.3138 5 0.9932626 0.6194865 0.2596911
1000 0.3138 5 0.998314 0.6530612 0.2512387
1000 0.3138 5 1.009256 0.6096116 0.2372486
1000 0.3138 5 0.983653 0.6504279 0.2593996
1000 0.3138 5 0.9854217 0.6214615 0.2655203
1000 0.3146 5 0.984076 0.6152331 0.2404435
1000 0.3146 5 0.9806158 0.6283651 0.2456959
1000 0.3146 5 1.002675 0.6231123 0.2515320
1000 0.3146 5 1.003434 0.6231123 0.2652466
1000 0.3146 5 0.9961218 0.5994747 0.2357747
1000 0.3138 5 0.9868141 0.6398947 0.2500729
1000 0.3138 5 0.9881512 0.60632 0.2378315
1000 0.3138 5 0.9848896 0.6477946 0.2471583
1000 0.3138 5 0.9818704 0.6313364 0.2669776
1000 0.3138 5 0.9904063 0.636603 0.258088
1000 0.3128 5 1.014915 0.6175694 0.2543655
1000 0.3128 5 0.9772858 0.6142668 0.2470896
1000 0.3128 5 0.9901009 0.6327609 0.266007
1000 0.3128 5 1.004323 0.6188904 0.2310827
1000 0.3128 5 1.018469 0.6202114 0.2398137
1000 0.3138 5 1.017130 0.6451613 0.2458467
1000 0.3138 5 1.005709 0.6247531 0.2611484
1000 0.3138 5 1.021880 0.6234365 0.2413291
1000 0.3138 5 1.015342 0.6155365 0.2474497
1000 0.3138 5 1.014311 0.6208032 0.2471583
%n density  glcalls lse TP FP 
2000 0.0614 5 0.9741398 0.7782101 0.1546985
2000 0.0614 5 1.019590 0.7081712 0.1600256
2000 0.0614 5 0.9959287 0.8015564 0.1600256
2000 0.0614 5 0.9819742 0.7431907 0.1598125
2000 0.0614 5 0.9858724 0.7470817 0.1536331
2000 0.0612 5 1.019842 0.71875 0.1525352
2000 0.0612 5 1.010096 0.765625 0.1627610
2000 0.0612 5 0.9902957 0.765625 0.1665957
2000 0.0612 5 0.9920342 0.734375 0.1597784
2000 0.0612 5 0.978412 0.7460938 0.1491265
2000 0.0616 5 0.9764247 0.7325581 0.1479113
2000 0.0616 5 0.992749 0.7790698 0.1498295
2000 0.0616 5 0.9993078 0.7286822 0.1504689
2000 0.0616 5 1.030480 0.7248062 0.1408781
2000 0.0616 5 0.9921274 0.7131783 0.1370418
2000 0.0614 5 1.000422 0.7120623 0.1512892
2000 0.0614 5 0.996641 0.7392996 0.1587471
2000 0.0614 5 1.014624 0.7587549 0.1461752
2000 0.0614 5 0.989588 0.7315175 0.1549116
2000 0.0614 5 1.006361 0.7198444 0.1625826
2000 0.0618 5 1.011433 0.7413127 0.1438926
2000 0.0618 5 1.022826 0.6949807 0.1447453
2000 0.0618 5 1.024640 0.7065637 0.1635046
2000 0.0618 5 1.019362 0.7644788 0.156683
2000 0.0618 5 1.002430 0.7413127 0.1560435
2000 0.2188 5 0.9968937 0.7605364 0.2785458
2000 0.2188 5 0.9713073 0.7643678 0.2752176
2000 0.2188 5 0.9771981 0.7461686 0.2695853
2000 0.2188 5 0.971335 0.77682 0.2775218
2000 0.2188 5 0.9916817 0.7528736 0.2803379
2000 0.2196 5 1.016764 0.7585878 0.2683239
2000 0.2196 5 0.9893583 0.7519084 0.2703742
2000 0.2196 5 1.002190 0.7576336 0.2593542
2000 0.2196 5 0.9801857 0.769084 0.275756
2000 0.2196 5 1.008684 0.7748092 0.2721681
2000 0.219 5 0.9440749 0.7425837 0.2663252
2000 0.219 5 0.9579043 0.7674641 0.2763124
2000 0.219 5 0.9854834 0.7368421 0.2729834
2000 0.219 5 0.9940519 0.7330144 0.2788732
2000 0.219 5 0.9728228 0.7578947 0.2683739
2000 0.2182 5 0.9746765 0.7944284 0.2844717
2000 0.2182 5 0.9969514 0.7732949 0.285495
2000 0.2182 5 0.9681995 0.7627281 0.2724482
2000 0.2182 5 0.9989672 0.778098 0.2806344
2000 0.2182 5 0.9790779 0.7973103 0.2721924
2000 0.2194 5 0.9813003 0.7745941 0.2943889
2000 0.2194 5 0.9878911 0.7659981 0.2828593
2000 0.2194 5 0.9974759 0.7449857 0.2623623
2000 0.2194 5 0.9919285 0.7449857 0.2759416
2000 0.2194 5 0.9742103 0.7793696 0.2954138
2000 0.3138 5 0.9649457 0.7623436 0.3646167
2000 0.3138 5 0.9799873 0.7926267 0.3678228
2000 0.3138 5 0.9645375 0.757077 0.3404255
2000 0.3138 5 0.9684582 0.7807768 0.3742349
2000 0.3138 5 0.9962288 0.7676103 0.3602448
2000 0.3146 5 0.9816384 0.7734734 0.3600817
2000 0.3146 5 0.9768058 0.7557452 0.3545375
2000 0.3146 5 0.989308 0.7688772 0.3554129
2000 0.3146 5 0.9775026 0.7721602 0.3586227
2000 0.3146 5 0.958749 0.764281 0.3562883
2000 0.3138 5 0.9845794 0.7827518 0.3755465
2000 0.3138 5 0.9928965 0.7623436 0.3375109
2000 0.3138 5 0.9712315 0.7899934 0.3754008
2000 0.3138 5 0.942566 0.7886768 0.3905567
2000 0.3138 5 0.95436 0.7623436 0.3351792
2000 0.3128 5 0.9606136 0.7760898 0.3521537
2000 0.3128 5 0.932409 0.7668428 0.3571013
2000 0.3128 5 0.9840662 0.7760898 0.3733993
2000 0.3128 5 0.9698797 0.7714663 0.3667055
2000 0.3128 5 0.9814804 0.7754293 0.3530268
2000 0.3138 5 0.958623 0.761027 0.3512096
2000 0.3138 5 0.9502287 0.7781435 0.3686972
2000 0.3138 5 0.9703737 0.7537854 0.344506
2000 0.3138 5 0.9669113 0.7636603 0.3631594
2000 0.3138 5 0.9749678 0.7702436 0.3584961
