%n density lambda lse TP FP 
%n density lambda lse TP FP 
30 0.0614 5 1.047513 0.07392996 0.06989133
30 0.0614 5 1.050579 0.08949416 0.07223524
30 0.0614 5 1.028097 0.07782101 0.0728745
30 0.0614 5 1.034417 0.1050584 0.07820158
30 0.0614 5 1.050645 0.1361868 0.07607074
30 0.0612 5 1.054521 0.109375 0.07946314
30 0.0612 5 1.068542 0.09375 0.07477631
30 0.0612 5 1.051244 0.0859375 0.06327226
30 0.0612 5 1.052346 0.109375 0.07626758
30 0.0612 5 1.046421 0.0859375 0.07051555
30 0.0616 5 1.059632 0.1046512 0.06777494
30 0.0616 5 1.032401 0.08139535 0.0586104
30 0.0616 5 1.051946 0.1124031 0.07736573
30 0.0616 5 1.038435 0.07751938 0.06223359
30 0.0616 5 1.058476 0.1201550 0.07693947
30 0.0614 5 1.029832 0.1167315 0.08480716
30 0.0614 5 1.047568 0.1011673 0.079267
30 0.0614 5 1.080832 0.09727626 0.07692308
30 0.0614 5 1.047823 0.08560311 0.08246324
30 0.0614 5 1.065470 0.07003891 0.06925208
30 0.0618 5 1.074874 0.1235521 0.08548284
30 0.0618 5 1.072430 0.1196911 0.0842038
30 0.0618 5 1.027783 0.08108108 0.07269239
30 0.0618 5 1.051331 0.1003861 0.0767427
30 0.0618 5 1.027368 0.1312741 0.06714986
%n density lambda lse TP FP 
30 0.2188 5 1.100474 0.098659 0.07782898
30 0.2188 5 1.087626 0.09099617 0.07782898
30 0.2188 5 1.107229 0.098659 0.07424475
30 0.2188 5 1.097369 0.1015326 0.08883769
30 0.2188 5 1.111780 0.09578544 0.07296467
30 0.2196 5 1.100194 0.1040076 0.0907227
30 0.2196 5 1.086173 0.1068702 0.08969759
30 0.2196 5 1.082247 0.09541985 0.07175807
30 0.2196 5 1.105401 0.09446565 0.0835469
30 0.2196 5 1.081265 0.120229 0.07098924
30 0.219 5 1.078225 0.1071770 0.09167734
30 0.219 5 1.041170 0.08995215 0.07708067
30 0.219 5 1.09548 0.08421053 0.06939821
30 0.219 5 1.098106 0.08803828 0.0878361
30 0.219 5 1.052899 0.1090909 0.07195903
30 0.2182 5 1.080733 0.08933718 0.07521105
30 0.2182 5 1.098460 0.0970221 0.07188539
30 0.2182 5 1.112268 0.09894332 0.08160655
30 0.2182 5 1.069696 0.08741595 0.08186237
30 0.2182 5 1.096853 0.09990394 0.08442057
30 0.2194 5 1.117606 0.1060172 0.08403792
30 0.2194 5 1.099393 0.1107927 0.09172431
30 0.2194 5 1.098256 0.1079274 0.07840123
30 0.2194 5 1.098350 0.09551098 0.08531899
30 0.2194 5 1.090991 0.09933142 0.07250833
%n density lambda lse TP FP 
30 0.3138 5 1.102247 0.1073074 0.09705625
30 0.3138 5 1.116831 0.1105991 0.09064413
30 0.3138 5 1.128159 0.08558262 0.07577966
30 0.3138 5 1.097298 0.1073074 0.09239289
30 0.3138 5 1.136776 0.08689928 0.08160886
30 0.3146 5 1.109671 0.109652 0.08462212
30 0.3146 5 1.113520 0.1122784 0.09483513
30 0.3146 5 1.128025 0.1149048 0.09220893
30 0.3146 5 1.109332 0.1181878 0.09191713
30 0.3146 5 1.12001 0.1043992 0.09220893
30 0.3138 5 1.120080 0.1099408 0.09093559
30 0.3138 5 1.142406 0.1138907 0.09180997
30 0.3138 5 1.132733 0.1105991 0.08685514
30 0.3138 5 1.106425 0.1059908 0.08627222
30 0.3138 5 1.116933 0.1026991 0.0871466
30 0.3128 5 1.088276 0.09445178 0.08323632
30 0.3128 5 1.079366 0.08388375 0.07945285
30 0.3128 5 1.075134 0.1136063 0.08294529
30 0.3128 5 1.07182 0.09511229 0.09458673
30 0.3128 5 1.111198 0.1017173 0.09895227
30 0.3138 5 1.108323 0.1073074 0.09385019
30 0.3138 5 1.080975 0.09282423 0.06878461
30 0.3138 5 1.160324 0.1263989 0.09385019
30 0.3138 5 1.094214 0.1026991 0.07636258
30 0.3138 5 1.090640 0.1066491 0.09122705
%n density lambda lse TP FP 
50 0.0614 5 1.099982 0.1750973 0.1429789
50 0.0614 5 1.101986 0.1789883 0.1468144
50 0.0614 5 1.080937 0.1945525 0.1423397
50 0.0614 5 1.084963 0.2568093 0.150863
50 0.0614 5 1.062281 0.1361868 0.1419135
50 0.0612 10 1.017828 0.01953125 0.009373669
50 0.0612 5 1.111263 0.1992188 0.1521091
50 0.0612 5 1.061956 0.2070312 0.1299531
50 0.0612 5 1.095991 0.203125 0.1499787
50 0.0612 5 1.106378 0.1796875 0.1508308
50 0.0616 5 1.102252 0.2286822 0.1419437
50 0.0616 5 1.073723 0.1860465 0.1389599
50 0.0616 5 1.070420 0.1744186 0.1589940
50 0.0616 5 1.072995 0.1899225 0.1649616
50 0.0616 5 1.100071 0.1860465 0.1498295
50 0.0614 5 1.068498 0.1984436 0.143192
50 0.0614 5 1.075142 0.2256809 0.1489452
50 0.0614 5 1.082470 0.1945525 0.1491583
50 0.0614 5 1.083641 0.2140078 0.1414873
50 0.0614 5 1.046947 0.1595331 0.1361602
50 0.0618 5 1.098056 0.1969112 0.1477297
50 0.0618 5 1.068887 0.2007722 0.1509273
50 0.0618 5 1.066585 0.2239382 0.1549776
50 0.0618 5 1.079977 0.1853282 0.1583884
50 0.0618 5 1.062488 0.2123552 0.1628651
%n density lambda lse TP FP 
50 0.2188 10 1.058185 0.01245211 0.009728623
50 0.2188 10 1.069925 0.01819923 0.01100870
50 0.2188 5 1.114534 0.1906130 0.1633385
50 0.2188 10 1.064963 0.01819923 0.01100870
50 0.2188 10 1.038985 0.03639847 0.009728623
50 0.2196 10 1.047117 0.03148855 0.01076371
50 0.2196 10 1.056442 0.01240458 0.007432086
50 0.2196 5 1.128752 0.1937023 0.1558175
50 0.2196 5 1.114324 0.1860687 0.1604305
50 0.2196 10 1.063964 0.02385496 0.009482317
50 0.219 10 1.055019 0.02488038 0.01101152
50 0.219 5 1.091038 0.1894737 0.1556978
50 0.219 10 1.056711 0.01531100 0.00665813
50 0.219 5 1.081792 0.1990431 0.1544174
50 0.219 10 1.061611 0.01818182 0.01024328
50 0.2182 10 1.053653 0.01536984 0.01176772
50 0.2182 10 1.063367 0.02401537 0.01176772
50 0.2182 10 1.035958 0.01056676 0.009209517
50 0.2182 10 1.060598 0.01729107 0.01279100
50 0.2182 10 1.076397 0.01152738 0.008697877
50 0.2194 10 1.041221 0.01910220 0.01281066
50 0.2194 10 1.053103 0.01623687 0.008711248
50 0.2194 10 1.078595 0.02674308 0.008711248
50 0.2194 10 1.040921 0.01719198 0.01024853
50 0.2194 10 1.084184 0.02483286 0.008711248
%n density lambda lse TP FP 
50 0.3138 10 1.083494 0.02304147 0.01369863
50 0.3138 10 1.086600 0.01909151 0.01020111
50 0.3138 10 1.102208 0.02699144 0.01661323
50 0.3138 5 1.152341 0.1843318 0.1533081
50 0.3138 10 1.083537 0.02435813 0.009909647
50 0.3146 10 1.089868 0.02363756 0.01604902
50 0.3146 10 1.079788 0.02035456 0.008170411
50 0.3146 10 1.071353 0.02626395 0.01459002
50 0.3146 10 1.047903 0.01838477 0.01488182
50 0.3146 10 1.050994 0.02101116 0.01167202
50 0.3138 10 1.085260 0.02040816 0.01282425
50 0.3138 10 1.051227 0.01316656 0.01107549
50 0.3138 10 1.113062 0.01909151 0.009909647
50 0.3138 10 1.113019 0.02764977 0.01369863
50 0.3138 10 1.058921 0.01777485 0.009035267
50 0.3128 10 1.076978 0.02443857 0.01018626
50 0.3128 10 1.059887 0.01519155 0.008731083
50 0.3128 10 1.086116 0.01453104 0.009022119
50 0.3128 10 1.095822 0.01453104 0.009313155
50 0.3128 10 1.089106 0.01056803 0.01338766
50 0.3138 10 1.077434 0.02040816 0.01369863
50 0.3138 10 1.101511 0.02369980 0.01311571
50 0.3138 10 1.056817 0.01777485 0.01107549
50 0.3138 10 1.084820 0.02040816 0.01340717
50 0.3138 10 1.078722 0.02172482 0.01078403
%n density lambda lse TP FP 
500 0.0614 0.1 1.212267 0.996109 0.9927552
500 0.0614 0.1 1.211940 0.9922179 0.9929683
500 0.0614 0.1 1.225780 1 0.9910505
500 0.0614 0.1 1.218399 0.9922179 0.992542
500 0.0614 0.1 1.278451 0.9922179 0.9908374
500 0.0612 0.1 1.212478 1 0.9925437
500 0.0612 0.1 1.207567 1 0.9921176
500 0.0612 0.1 1.231842 1 0.9904133
500 0.0612 0.1 1.202622 1 0.9919046
500 0.0612 0.1 1.225623 0.9960938 0.9904133
500 0.0616 0.1 1.207571 0.996124 0.9931799
500 0.0616 0.1 1.216696 1 0.9927536
500 0.0616 0.1 1.206535 0.992248 0.9911552
500 0.0616 0.1 1.273557 1 0.9906223
500 0.0616 0.1 1.234537 0.992248 0.9942455
500 0.0614 0.1 1.267795 0.9922179 0.9908374
500 0.0614 0.1 1.219750 0.996109 0.9893458
500 0.0614 0.1 1.232387 1 0.9932879
500 0.0614 0.1 1.213790 0.9922179 0.9908374
500 0.0614 0.1 1.214056 0.996109 0.992542
500 0.0618 0.1 1.195171 0.996139 0.991473
500 0.0618 0.1 1.243343 0.996139 0.9923257
500 0.0618 0.1 1.238221 0.988417 0.9923257
500 0.0618 0.1 1.233966 0.996139 0.991473
500 0.0618 0.1 1.207635 0.992278 0.9946706
%n density lambda lse TP FP 
500 0.2188 0.1 1.166538 0.9990421 0.9920635
500 0.2188 0.1 1.127448 0.9952107 0.9920635
500 0.2188 0.1 1.236911 0.9971264 0.9933436
500 0.2188 0.1 1.172896 0.9961686 0.9930876
500 0.2188 0.1 1.212825 0.9942529 0.9928315
500 0.2196 0.1 1.179185 0.9942748 0.9933368
500 0.2196 0.1 1.238272 0.995229 0.9892363
500 0.2196 0.1 1.180576 0.9990458 0.990774
500 0.2196 0.1 1.194011 0.9923664 0.9915428
500 0.2196 0.1 1.151571 0.9980916 0.9905177
500 0.219 0.1 1.192592 0.9933014 0.9895006
500 0.219 0.1 1.146966 0.9961722 0.9920615
500 0.219 0.1 1.183153 0.9961722 0.9902689
500 0.219 0.1 1.226795 0.9961722 0.9910371
500 0.219 0.1 1.223079 0.9971292 0.990525
500 0.2182 0.1 1.178211 0.9961575 0.991558
500 0.2182 0.1 1.187584 0.9961575 0.9905347
500 0.2182 0.1 1.186337 0.9961575 0.9923254
500 0.2182 0.1 1.203480 0.9971182 0.9918138
500 0.2182 0.1 1.176878 0.9942363 0.9913021
500 0.2194 0.1 1.172838 0.9952245 0.9923136
500 0.2194 0.1 1.201382 0.9933142 0.9902639
500 0.2194 0.1 1.209934 0.9952245 0.9925698
500 0.2194 0.1 1.225935 0.9971347 0.992826
500 0.2194 0.1 1.209064 0.9971347 0.9912888
%n density lambda lse TP FP 
500 0.3138 0.1 1.153840 0.998025 0.9897989
500 0.3138 0.1 1.167030 0.9973667 0.9909647
500 0.3138 0.1 1.172099 0.99605 0.9909647
500 0.3138 0.1 1.175272 0.9967084 0.9941708
500 0.3138 0.1 1.176988 0.9973667 0.9927135
500 0.3146 0.1 1.160282 0.9980302 0.992705
500 0.3146 0.1 1.169971 0.993434 0.9929968
500 0.3146 0.1 1.136361 0.993434 0.991246
500 0.3146 0.1 1.168857 0.9940906 0.989787
500 0.3146 0.1 1.166764 0.9986868 0.992705
500 0.3138 0.1 1.180692 0.994075 0.993005
500 0.3138 0.1 1.179080 0.9973667 0.9918391
500 0.3138 0.1 1.118758 0.9953917 0.989216
500 0.3138 0.1 1.210161 0.9973667 0.9912562
500 0.3138 0.1 1.135364 0.9947334 0.9918391
500 0.3128 0.1 1.132891 0.9966975 0.992433
500 0.3128 0.1 1.163169 0.9953765 0.9941793
500 0.3128 0.1 1.183984 0.996037 0.9933062
500 0.3128 0.1 1.112279 0.9980185 0.9906868
500 0.3128 0.1 1.160765 0.9914135 0.992433
500 0.3138 0.1 1.192103 0.99605 0.9889245
500 0.3138 0.1 1.122501 0.9953917 0.9932964
500 0.3138 0.1 1.150244 0.994075 0.9931507
500 0.3138 0.1 1.127074 0.9934167 0.9932964
500 0.3138 0.1 1.183824 0.9947334 0.9927135
%n density lambda lse TP FP 
1000 0.0614 0.1 1.108866 1 0.9940337
1000 0.0614 0.1 1.094239 1 0.9931813
1000 0.0614 0.1 1.100147 1 0.9944598
1000 0.0614 0.1 1.102398 1 0.994886
1000 0.0614 0.1 1.098798 0.996109 0.9957383
1000 0.0612 0.1 1.128751 0.9960938 0.994248
1000 0.0612 0.1 1.063029 1 0.994035
1000 0.0612 0.1 1.083160 1 0.9933958
1000 0.0612 0.1 1.1193 0.9960938 0.9963784
1000 0.0612 0.1 1.102648 0.9960938 0.994674
1000 0.0616 0.1 1.084284 1 0.9919011
1000 0.0616 0.1 1.095639 0.996124 0.9957374
1000 0.0616 0.1 1.088971 0.996124 0.9961637
1000 0.0616 0.1 1.095130 1 0.9942455
1000 0.0616 0.1 1.079959 1 0.9925405
1000 0.0614 0.1 1.096812 1 0.9953122
1000 0.0614 0.1 1.040034 0.996109 0.9931813
1000 0.0614 0.1 1.110499 0.9922179 0.9936075
1000 0.0614 0.1 1.099596 0.996109 0.9953122
1000 0.0614 0.1 1.078353 1 0.9942468
1000 0.0618 0.1 1.097216 0.996139 0.9948838
1000 0.0618 0.1 1.111179 0.996139 0.995097
1000 0.0618 0.1 1.118990 1 0.9948838
1000 0.0618 0.1 1.120324 1 0.9931784
1000 0.0618 0.1 1.097395 1 0.9968024
%n density lambda lse TP FP 
1000 0.2188 0.1 1.032667 0.9961686 0.9938556
1000 0.2188 0.1 1.082812 0.9980843 0.9939836
1000 0.2188 0.1 1.053773 0.9980843 0.9948797
1000 0.2188 0.1 1.063909 0.9990421 0.9953917
1000 0.2188 0.1 1.092376 0.9980843 0.9938556
1000 0.2196 0.1 1.088885 0.9990458 0.9930805
1000 0.2196 0.1 1.074648 0.9990458 0.9948744
1000 0.2196 0.1 1.068124 0.9990458 0.9948744
1000 0.2196 0.1 1.057580 0.9990458 0.9946181
1000 0.2196 0.1 1.087126 0.9990458 0.9941056
1000 0.219 0.1 1.071737 0.999043 0.9930858
1000 0.219 0.1 1.053362 0.999043 0.9948784
1000 0.219 0.1 1.079411 0.9980861 0.993598
1000 0.219 0.1 1.051514 0.999043 0.9956466
1000 0.219 0.1 1.039819 0.999043 0.9928297
1000 0.2182 0.1 1.075574 0.9990394 0.994372
1000 0.2182 0.1 1.068892 0.9990394 0.9938603
1000 0.2182 0.1 1.045737 0.9980788 0.995651
1000 0.2182 0.1 1.068836 0.9980788 0.9933487
1000 0.2182 0.1 1.042351 1 0.995651
1000 0.2194 0.1 1.064556 0.9980898 0.9959006
1000 0.2194 0.1 1.071294 0.9971347 0.9953882
1000 0.2194 0.1 1.051811 0.9980898 0.9966692
1000 0.2194 0.1 1.051791 0.9980898 0.9959006
1000 0.2194 0.1 1.082641 0.9971347 0.9947476
%n density lambda lse TP FP 
1000 0.3138 0.1 1.048163 1 0.9947537
1000 0.3138 0.1 1.037374 1 0.9944623
1000 0.3138 0.1 1.037283 0.9973667 0.9941708
1000 0.3138 0.1 1.014235 1 0.9953366
1000 0.3138 0.1 1.045236 0.9973667 0.9938793
1000 0.3146 0.1 1.045243 0.9980302 0.9938722
1000 0.3146 0.1 1.068627 1 0.994164
1000 0.3146 0.1 0.9859998 0.9993434 0.9967902
1000 0.3146 0.1 1.066255 0.9973736 0.9967902
1000 0.3146 0.1 1.027587 0.9993434 0.9959148
1000 0.3138 0.1 1.082824 0.998025 0.9935879
1000 0.3138 0.1 1.060316 0.998025 0.9944623
1000 0.3138 0.1 1.036029 0.998025 0.993005
1000 0.3138 0.1 1.039234 0.9953917 0.9932964
1000 0.3138 0.1 1.028175 0.998025 0.9932964
1000 0.3128 0.1 1.034128 0.998679 0.9930151
1000 0.3128 0.1 1.040793 0.998679 0.9965076
1000 0.3128 0.1 0.988304 0.998679 0.9959255
1000 0.3128 0.1 1.022340 0.998679 0.9953434
1000 0.3128 0.1 0.9864373 0.9980185 0.992433
1000 0.3138 0.1 1.072060 0.9967084 0.9947537
1000 0.3138 0.1 1.006160 0.998025 0.9950452
1000 0.3138 0.1 1.034766 0.9973667 0.9932964
1000 0.3138 0.1 1.033364 0.9993417 0.9953366
1000 0.3138 0.1 1.049979 0.9986833 0.995628
