n density b b_old_avg lambda glcalls_avg lse TP FP 
%n density b b_old lambda lse TP FP 
30 0.0614 1 42.5735 93.79816 6 1.001768 0 0
30 0.0614 1 42.95684 93.80618 6 1.022664 0 0
30 0.0614 1 42.72548 93.78256 6 1.007441 0 0
30 0.0614 1 42.7501 93.77794 6 1.000570 0 0
30 0.0614 1 42.76142 93.8093 6 1.036306 0 0
30 0.0612 1 42.70717 93.85975 6 1.036152 0 0
30 0.0612 1 42.60868 93.81162 6 1.030592 0 0
30 0.0612 1 42.63988 93.8343 6 1.019339 0 0
30 0.0612 1 42.77494 93.85699 6 1.025814 0 0
30 0.0612 1 42.83762 93.80743 6 1.025389 0 0
30 0.0616 1 42.61403 93.79239 8 1.028249 0 0
30 0.0616 1 42.88434 93.80658 6 1.028167 0 0
30 0.0616 1 42.77933 93.81051 6 1.017793 0 0
30 0.0616 1 42.82141 93.81515 6 1.027589 0 0
30 0.0616 1 42.84534 93.85158 6 1.006663 0 0
30 0.0614 1 42.90977 93.8257 6 1.025259 0 0
30 0.0614 1 42.60077 93.78608 6 0.9954147 0 0
30 0.0614 1 42.71536 93.82803 6 1.008978 0 0
30 0.0614 1 42.69088 93.87192 6 1.0071 0 0
30 0.0614 1 42.75874 93.8169 6 1.044229 0 0
30 0.0618 1 42.79762 93.82218 6 1.013483 0 0
30 0.0618 1 42.79891 93.8146 6 1.02626 0 0
30 0.0618 1 42.66753 93.7841 6 1.024265 0 0
30 0.0618 1 42.53113 93.81452 6 1.001059 0 0
30 0.0618 1 42.92188 93.87441 6 1.042275 0 0
%n density b b_old lambda lse TP FP 
30 0.0614 10 43.14964 98.44175 6 1.003907 0 0
30 0.0614 10 42.67219 98.41249 6 0.9972823 0 0
30 0.0614 10 42.79944 98.40311 6 0.9993556 0 0
30 0.0614 10 42.70762 98.40483 6 1.019443 0 0
30 0.0614 10 42.5354 98.41277 6 1.016793 0 0
30 0.0612 10 42.50505 98.41644 6 0.9924112 0 0
30 0.0612 10 42.56832 98.41672 6 1.021925 0 0
30 0.0612 10 42.77002 98.4136 6 0.983497 0 0
30 0.0612 10 42.75952 98.3823 6 1.003092 0 0
30 0.0612 10 42.80863 98.42067 6 1.012115 0 0
30 0.0616 10 42.89368 98.42815 6 1.038631 0 0
30 0.0616 10 42.77223 98.39874 6 1.004966 0 0
30 0.0616 10 42.78163 98.3891 6 1.035377 0 0
30 0.0616 10 42.99354 98.3954 6 1.019986 0 0
30 0.0616 10 42.76691 98.41703 6 1.035521 0 0
30 0.0614 10 42.82017 98.40677 9 1.002016 0 0
30 0.0614 10 42.57199 98.39674 6 1.029575 0 0
30 0.0614 10 42.64141 98.36987 6 1.010636 0 0
30 0.0614 10 42.7075 98.41334 6 1.017971 0 0
30 0.0614 10 42.73236 98.40988 8 1.015410 0 0
30 0.0618 10 42.80382 98.36966 6 1.007424 0 0
30 0.0618 10 42.75505 98.42071 6 1.039970 0 0
30 0.0618 10 42.93995 98.39792 6 1.004837 0 0
30 0.0618 10 42.85058 98.39058 6 1.035723 0 0
30 0.0618 10 42.92081 98.42987 6 1.045569 0 0
%n density b b_old lambda lse TP FP 
30 0.0614 100 42.96290 155.4948 5 1.027319 0 0
30 0.0614 100 42.70710 155.4939 5 1.019369 0 0
30 0.0614 100 42.81459 155.5193 5 1.016465 0 0
30 0.0614 100 42.85954 155.5244 5 1.022995 0 0
30 0.0614 100 42.63437 155.5012 5 1.031250 0 0
30 0.0612 100 42.40792 155.5356 8 0.9910577 0 0
30 0.0612 100 42.90913 155.5224 5 1.020805 0 0
30 0.0612 100 42.48978 155.5254 6 1.006321 0 0
30 0.0612 100 42.49761 155.5108 5 0.9776642 0 0
30 0.0612 100 42.75686 155.4995 6 1.015881 0 0
30 0.0616 100 42.62611 155.5206 6 1.011949 0 0
30 0.0616 100 42.87724 155.5198 5 1.027828 0 0
30 0.0616 100 42.65941 155.5154 5 0.990211 0 0
30 0.0616 100 42.48544 155.5258 5 1.034460 0 0
30 0.0616 100 42.50657 155.4958 6 1.048822 0 0
30 0.0614 100 42.77159 155.5172 5 0.9886067 0 0
30 0.0614 100 42.62401 155.5246 6 1.034752 0 0
30 0.0614 100 42.91527 155.5239 6 1.006905 0 0
30 0.0614 100 42.7946 155.4990 6 1.003536 0 0
30 0.0614 100 42.77009 155.5268 5 1.019094 0 0
30 0.0618 100 42.74482 155.5359 5 1.02931 0 0
30 0.0618 100 42.8149 155.5078 6 1.037393 0 0
30 0.0618 100 42.65563 155.5259 9 1.026009 0 0
30 0.0618 100 42.86732 155.5384 6 1.027774 0 0
30 0.0618 100 42.74711 155.5191 5 0.998808 0 0
%n density b b_old lambda lse TP FP 
30 0.0614 200 42.87886 236.3632 5 0.9963803 0 0
30 0.0614 200 42.37702 236.3433 5 1.034208 0 0
30 0.0614 200 42.52515 236.3479 5 1.004189 0 0
30 0.0614 200 42.93382 236.3588 5 1.015196 0 0
30 0.0614 200 42.73199 236.3413 5 0.987026 0 0
30 0.0612 200 42.76258 236.3434 5 1.038387 0 0
30 0.0612 200 42.72483 236.3492 5 1.003204 0 0
30 0.0612 200 42.40383 236.3412 5 1.017915 0 0
30 0.0612 200 42.93054 236.3466 5 1.004077 0 0
30 0.0612 200 42.53923 236.3435 5 1.026904 0 0
30 0.0616 200 42.91029 236.3504 5 1.001714 0 0
30 0.0616 200 43.06171 236.3555 5 1.01902 0 0
30 0.0616 200 42.60977 236.3438 5 1.027929 0 0
30 0.0616 200 42.65406 236.3471 5 1.040117 0 0
30 0.0616 200 42.64285 236.3469 5 1.040136 0 0
30 0.0614 200 42.80417 236.3472 5 0.986073 0 0
30 0.0614 200 42.92774 236.3556 5 1.011345 0 0
30 0.0614 200 42.8435 236.3446 5 1.015711 0 0
30 0.0614 200 42.69336 236.34 5 1.004508 0 0
30 0.0614 200 42.87429 236.3401 5 1.010522 0 0
30 0.0618 200 42.63236 236.3466 5 1.015302 0 0
30 0.0618 200 42.53449 236.3477 5 0.9901726 0 0
30 0.0618 200 42.90992 236.3488 5 1.043795 0 0
30 0.0618 200 42.86602 236.3483 5 1.012445 0 0
30 0.0618 200 42.52438 236.3534 5 1.028484 0 0
%n density b b_old lambda lse TP FP 
30 0.0614 1000 42.80033 1008.451 5 1.017998 0 0
30 0.0614 1000 42.83355 1008.452 5 1.022890 0 0
30 0.0614 1000 42.80257 1008.451 5 1.015152 0 0
30 0.0614 1000 42.63256 1008.451 5 0.9934505 0 0
30 0.0614 1000 42.57339 1008.451 5 1.022132 0 0
30 0.0612 1000 42.56081 1008.451 5 1.006167 0 0
30 0.0612 1000 43.16591 1008.451 5 1.020548 0 0
30 0.0612 1000 42.66881 1008.451 5 0.9899437 0 0
30 0.0612 1000 42.81272 1008.451 5 1.020635 0 0
30 0.0612 1000 42.91993 1008.451 5 1.000059 0 0
30 0.0616 1000 42.72473 1008.451 5 1.008672 0 0
30 0.0616 1000 42.98503 1008.451 5 1.02255 0 0
30 0.0616 1000 42.92054 1008.451 5 1.014567 0 0
30 0.0616 1000 42.99191 1008.452 5 1.033832 0 0
30 0.0616 1000 42.78101 1008.450 5 1.00032 0 0
30 0.0614 1000 42.75819 1008.451 5 0.9968719 0 0
30 0.0614 1000 42.8181 1008.450 5 1.032546 0 0
30 0.0614 1000 42.82471 1008.451 5 1.025041 0 0
30 0.0614 1000 42.81375 1008.451 5 1.021725 0 0
30 0.0614 1000 42.83061 1008.452 7 0.9945409 0 0
30 0.0618 1000 42.68163 1008.451 5 1.023156 0 0
30 0.0618 1000 42.59921 1008.451 5 1.013430 0 0
30 0.0618 1000 42.59621 1008.451 9 1.009402 0 0
30 0.0618 1000 42.87764 1008.451 5 1.036563 0 0
30 0.0618 1000 42.78736 1008.451 5 1.032076 0 0
%n density b b_old lambda lse TP FP 
30 0.0614 10000 42.63058 9889.141 1 1.063236 0.1128405 0.08459408
30 0.0614 10000 42.83755 9894.069 1 1.057877 0.1128405 0.07500533
30 0.0614 10000 43.03386 9892.11 1 1.080827 0.1050584 0.08203708
30 0.0614 10000 42.3555 9892.806 1 1.021637 0.07392996 0.071596
30 0.0614 10000 42.70098 9890.05 1 1.047854 0.1050584 0.086938
30 0.0612 10000 42.88255 9893.848 1 1.065664 0.125 0.07690669
30 0.0612 10000 42.92687 9893.118 1 1.028623 0.1054688 0.078611
30 0.0612 10000 42.92981 9892.885 1 1.065514 0.1015625 0.07285897
30 0.0612 10000 42.64933 9891.702 1 1.033884 0.09765625 0.07839795
30 0.0612 10000 42.93052 9893.358 1 1.06497 0.1289062 0.07435023
30 0.0616 10000 42.66637 9894.507 1 1.047484 0.09689922 0.07225064
30 0.0616 10000 42.61748 9892.807 1 1.057738 0.1007752 0.07502131
30 0.0616 10000 42.67928 9892.864 1 1.058207 0.1356589 0.08098892
30 0.0616 10000 42.74868 9895.076 1 1.055348 0.08527132 0.06798806
30 0.0616 10000 42.69902 9895.777 1 1.066934 0.09302326 0.0741688
30 0.0614 10000 42.94281 9895.628 1 1.045259 0.1167315 0.06158108
30 0.0614 10000 42.76748 9894.225 1 1.069429 0.1011673 0.07585766
30 0.0614 10000 42.88882 9894.886 1 1.067539 0.1089494 0.07330066
30 0.0614 10000 42.8728 9896.419 1 1.060543 0.08171206 0.07436608
30 0.0614 10000 43.13206 9894.677 1 1.040831 0.1050584 0.07734924
30 0.0618 10000 42.94385 9892.058 1 1.039531 0.0926641 0.07354509
30 0.0618 10000 42.75422 9896.176 1 1.030600 0.1158301 0.06182051
30 0.0618 10000 42.85306 9896.614 1 1.04911 0.1003861 0.06224686
30 0.0618 10000 42.54746 9891.615 1 1.056908 0.1003861 0.08121936
30 0.0618 10000 42.79808 9894.964 1 1.046609 0.0965251 0.06118098
%n density b b_old lambda lse TP FP 
30 0.2188 1 42.64984 93.84577 6 1.073966 0 0
30 0.2188 1 42.94450 93.85848 6 1.034883 0 0
30 0.2188 1 42.80612 93.85668 6 1.046569 0 0
30 0.2188 1 42.90213 93.85436 6 1.066626 0 0
30 0.2188 1 42.83572 93.86566 9 1.040927 0 0
30 0.2196 1 42.68391 93.88376 6 1.053433 0 0
30 0.2196 1 42.82806 93.85376 6 1.073613 0 0
30 0.2196 1 42.70054 93.81122 6 1.057803 0 0
30 0.2196 1 42.83501 93.87585 6 1.057455 0 0
30 0.2196 1 42.66313 93.86302 6 1.044955 0 0
30 0.219 1 42.81242 93.8445 6 1.06779 0 0
30 0.219 1 42.70849 93.83375 6 1.039632 0 0
30 0.219 1 42.84372 93.8082 6 1.079575 0 0
30 0.219 1 42.94139 93.84686 6 1.050688 0 0
30 0.219 1 42.94343 93.85697 6 1.065326 0 0
30 0.2182 1 42.73306 93.85994 6 1.066574 0 0
30 0.2182 1 42.78455 93.84893 6 1.053214 0 0
30 0.2182 1 42.77803 93.86235 6 1.060791 0 0
30 0.2182 1 42.86089 93.88756 6 1.055957 0 0
30 0.2182 1 42.80438 93.83014 6 1.096631 0 0
30 0.2194 1 42.54959 93.9076 6 1.059476 0 0
30 0.2194 1 42.63473 93.85881 6 1.068836 0 0
30 0.2194 1 42.88216 93.82892 6 1.035375 0 0
30 0.2194 1 42.83726 93.81134 6 1.053553 0 0
30 0.2194 1 42.80834 93.85455 6 1.052798 0 0
%n density b b_old lambda lse TP FP 
30 0.2188 10 42.52368 98.44108 6 1.048156 0 0
30 0.2188 10 42.57826 98.42736 6 1.080030 0 0
30 0.2188 10 42.93826 98.44686 6 1.051903 0 0
30 0.2188 10 42.79376 98.43012 8 1.050891 0 0
30 0.2188 10 42.74313 98.46968 6 1.050876 0 0
30 0.2196 10 42.70123 98.46497 6 1.066247 0 0
30 0.2196 10 42.89112 98.48158 6 1.040679 0 0
30 0.2196 10 42.84847 98.49432 6 1.042668 0 0
30 0.2196 10 42.88498 98.44894 6 1.076370 0 0
30 0.2196 10 42.64745 98.4284 6 1.064220 0 0
30 0.219 10 42.64043 98.42911 6 1.077417 0 0
30 0.219 10 43.06317 98.43984 6 1.073391 0 0
30 0.219 10 42.62555 98.46462 8 1.057428 0 0
30 0.219 10 42.95544 98.45052 6 1.040931 0 0
30 0.219 10 43.00375 98.39077 6 1.051587 0 0
30 0.2182 10 42.85170 98.46936 8 1.065517 0 0
30 0.2182 10 43.05032 98.4426 6 1.043336 0 0
30 0.2182 10 42.4792 98.45088 6 1.065655 0 0
30 0.2182 10 42.75807 98.44194 6 1.085323 0 0
30 0.2182 10 42.76232 98.46506 6 1.047058 0 0
30 0.2194 10 42.67844 98.44978 6 1.058203 0 0
30 0.2194 10 42.80199 98.41958 6 1.055789 0 0
30 0.2194 10 42.55088 98.43353 6 1.077659 0 0
30 0.2194 10 42.76881 98.4825 8 1.051480 0 0
30 0.2194 10 43.0282 98.4523 6 1.088975 0 0
%n density b b_old lambda lse TP FP 
30 0.2188 100 42.69246 155.5308 6 1.045127 0 0
30 0.2188 100 42.92922 155.5299 5 1.057790 0 0
30 0.2188 100 42.93385 155.539 6 1.085193 0 0
30 0.2188 100 42.59505 155.5204 6 1.060750 0 0
30 0.2188 100 42.90738 155.5330 6 1.034393 0 0
30 0.2196 100 42.46739 155.4931 8 1.051841 0 0
30 0.2196 100 42.8994 155.5672 6 1.061391 0 0
30 0.2196 100 42.90846 155.5419 8 1.028745 0 0
30 0.2196 100 42.69887 155.5461 6 1.054714 0 0
30 0.2196 100 42.85209 155.5264 6 1.038419 0 0
30 0.219 100 42.51407 155.5518 6 1.070326 0 0
30 0.219 100 42.87827 155.5142 6 1.055614 0 0
30 0.219 100 43.04432 155.5316 5 1.082035 0 0
30 0.219 100 42.81653 155.5178 6 1.057584 0 0
30 0.219 100 42.86735 155.5328 6 1.066373 0 0
30 0.2182 100 42.93388 155.5475 6 1.078017 0 0
30 0.2182 100 42.8101 155.5364 6 1.066448 0 0
30 0.2182 100 42.87671 155.5446 6 1.079665 0 0
30 0.2182 100 42.96544 155.5184 5 1.072433 0 0
30 0.2182 100 42.42198 155.5354 6 1.055350 0 0
30 0.2194 100 42.63694 155.5396 8 1.043839 0 0
30 0.2194 100 42.65109 155.5117 5 1.080747 0 0
30 0.2194 100 42.68549 155.5377 6 1.069566 0 0
30 0.2194 100 43.09478 155.5255 5 1.060409 0 0
30 0.2194 100 42.77347 155.5260 6 1.074538 0 0
%n density b b_old lambda lse TP FP 
30 0.2188 200 42.86945 236.3646 5 1.055050 0 0
30 0.2188 200 42.69711 236.361 5 1.050581 0 0
30 0.2188 200 42.84922 236.3581 5 1.065407 0 0
30 0.2188 200 42.93404 236.3515 5 1.05942 0 0
30 0.2188 200 42.95505 236.3659 5 1.059942 0 0
30 0.2196 200 42.72227 236.3627 5 1.064523 0 0
30 0.2196 200 42.64286 236.3601 5 1.046007 0 0
30 0.2196 200 42.60741 236.3672 5 1.060516 0 0
30 0.2196 200 42.8061 236.3499 5 1.103864 0 0
30 0.2196 200 42.79458 236.3593 5 1.053873 0 0
30 0.219 200 42.73482 236.3534 5 1.064701 0 0
30 0.219 200 42.82305 236.3391 5 1.041142 0 0
30 0.219 200 42.47286 236.3615 5 1.064489 0 0
30 0.219 200 42.57954 236.3670 5 1.070519 0 0
30 0.219 200 42.80557 236.3626 5 1.074487 0 0
30 0.2182 200 42.65978 236.3592 5 1.044526 0 0
30 0.2182 200 42.85559 236.3673 5 1.054980 0 0
30 0.2182 200 42.91808 236.3528 5 1.057450 0 0
30 0.2182 200 42.90428 236.3564 5 1.066132 0 0
30 0.2182 200 42.73550 236.358 5 1.064543 0 0
30 0.2194 200 42.74484 236.3627 5 1.059901 0 0
30 0.2194 200 42.9156 236.3538 5 1.067033 0 0
30 0.2194 200 43.06573 236.3664 5 1.048735 0 0
30 0.2194 200 42.73570 236.3541 5 1.064251 0 0
30 0.2194 200 42.77207 236.3755 5 1.063613 0 0
%n density b b_old lambda lse TP FP 
30 0.2188 1000 42.56519 1008.452 5 1.052669 0 0
30 0.2188 1000 42.71399 1008.452 5 1.058365 0 0
30 0.2188 1000 42.56834 1008.451 5 1.067224 0 0
30 0.2188 1000 42.91038 1008.452 5 1.043508 0 0
30 0.2188 1000 42.69095 1008.452 5 1.053099 0 0
30 0.2196 1000 42.72268 1008.452 5 1.044700 0 0
30 0.2196 1000 42.813 1008.452 5 1.042236 0 0
30 0.2196 1000 42.86172 1008.452 11 1.067002 0 0
30 0.2196 1000 42.89885 1008.452 5 1.070674 0 0
30 0.2196 1000 42.38992 1008.452 5 1.079720 0 0
30 0.219 1000 42.72408 1008.453 5 1.081237 0 0
30 0.219 1000 42.83322 1008.451 5 1.078692 0 0
30 0.219 1000 42.98673 1008.452 5 1.078220 0 0
30 0.219 1000 42.96337 1008.452 5 1.050573 0 0
30 0.219 1000 42.76075 1008.451 5 1.059325 0 0
30 0.2182 1000 42.63654 1008.451 5 1.061914 0 0
30 0.2182 1000 42.68603 1008.451 5 1.058525 0 0
30 0.2182 1000 42.66629 1008.452 5 1.066974 0 0
30 0.2182 1000 42.79615 1008.452 5 1.047010 0 0
30 0.2182 1000 42.64041 1008.452 5 1.050547 0 0
30 0.2194 1000 42.75143 1008.451 5 1.055294 0 0
30 0.2194 1000 43.05808 1008.452 5 1.037713 0 0
30 0.2194 1000 42.55426 1008.451 5 1.041257 0 0
30 0.2194 1000 42.746 1008.452 5 1.058455 0 0
30 0.2194 1000 42.6658 1008.452 5 1.075021 0 0
%n density b b_old lambda lse TP FP 
30 0.2188 10000 42.83644 9893.796 1 1.083819 0.09099617 0.07757296
30 0.2188 10000 42.81958 9885.018 1 1.083341 0.1159004 0.1026626
30 0.2188 10000 42.7842 9889.834 1 1.10748 0.08524904 0.08550947
30 0.2188 10000 42.8796 9886.904 1 1.129921 0.1139847 0.08371736
30 0.2188 10000 42.68739 9891.503 1 1.125191 0.07854406 0.0860215
30 0.2196 10000 42.77286 9888.763 1 1.117530 0.1011450 0.08303434
30 0.2196 10000 43.00645 9891.544 1 1.111768 0.1011450 0.07790876
30 0.2196 10000 42.58423 9886.377 1 1.083291 0.09637405 0.08124039
30 0.2196 10000 42.81882 9891.138 1 1.071064 0.09064885 0.08969759
30 0.2196 10000 42.82535 9890.793 1 1.054587 0.09828244 0.08149667
30 0.219 10000 42.70633 9891.275 1 1.120984 0.0985646 0.08399488
30 0.219 10000 42.58525 9887.076 1 1.087252 0.1215311 0.08988476
30 0.219 10000 42.8477 9885.071 1 1.111944 0.1253589 0.0950064
30 0.219 10000 42.58866 9894.684 1 1.087965 0.09473684 0.07759283
30 0.219 10000 42.81964 9892.544 1 1.106221 0.0937799 0.07580026
30 0.2182 10000 42.76961 9885.389 1 1.114114 0.1277618 0.08953697
30 0.2182 10000 42.90438 9888.043 1 1.088106 0.1152738 0.08595549
30 0.2182 10000 42.61488 9894.489 1 1.091442 0.07492795 0.06369916
30 0.2182 10000 43.0625 9893.459 1 1.098172 0.1095101 0.07802507
30 0.2182 10000 42.71079 9890.774 1 1.085093 0.09221902 0.0693272
30 0.2194 10000 42.89239 9889.893 1 1.109138 0.08978032 0.09069946
30 0.2194 10000 42.84897 9888.244 1 1.117267 0.08882521 0.08455035
30 0.2194 10000 42.64942 9887.417 1 1.110428 0.1069723 0.08608762
30 0.2194 10000 42.73652 9887.967 1 1.099488 0.1069723 0.08250064
30 0.2194 10000 42.57883 9896.218 1 1.135177 0.06876791 0.05482962
%n density b b_old lambda lse TP FP 
30 0.3138 1 42.61516 93.86205 6 1.087110 0 0
30 0.3138 1 43.00544 93.90711 8 1.085799 0 0
30 0.3138 1 42.59224 93.86123 6 1.098064 0 0
30 0.3138 1 42.61602 93.8556 6 1.085071 0 0
30 0.3138 1 43.00489 93.88978 6 1.110949 0 0
30 0.3146 1 42.74179 93.9108 6 1.108443 0 0
30 0.3146 1 42.9345 93.85317 8 1.089918 0 0
30 0.3146 1 42.87126 93.8644 6 1.071313 0 0
30 0.3146 1 42.62445 93.90829 8 1.052368 0 0
30 0.3146 1 42.60197 93.89379 8 1.094422 0 0
30 0.3138 1 42.76072 93.8971 6 1.082165 0 0
30 0.3138 1 42.72644 93.8785 6 1.047068 0 0
30 0.3138 1 42.97385 93.92878 6 1.107246 0 0
30 0.3138 1 42.98935 93.86258 6 1.103708 0 0
30 0.3138 1 42.75933 93.89007 6 1.089853 0 0
30 0.3128 1 42.76743 93.84995 6 1.069908 0 0
30 0.3128 1 42.72485 93.8745 6 1.078562 0 0
30 0.3128 1 42.96471 93.87198 6 1.065257 0 0
30 0.3128 1 42.55469 93.85519 6 1.069489 0 0
30 0.3128 1 42.72174 93.83855 6 1.085640 0 0
30 0.3138 1 42.63276 93.8721 6 1.108393 0 0
30 0.3138 1 42.67359 93.83993 6 1.074157 0 0
30 0.3138 1 42.87355 93.89534 6 1.108629 0 0
30 0.3138 1 42.63143 93.88205 8 1.073694 0 0
30 0.3138 1 42.51327 93.90592 6 1.096946 0 0
%n density b b_old lambda lse TP FP 
30 0.3138 10 42.75436 98.506 6 1.099547 0 0
30 0.3138 10 42.43414 98.43563 6 1.109093 0 0
30 0.3138 10 42.67625 98.45794 6 1.080472 0 0
30 0.3138 10 42.83837 98.48081 6 1.080193 0 0
30 0.3138 10 42.60883 98.47513 6 1.090730 0 0
30 0.3146 10 43.10259 98.47337 6 1.087002 0 0
30 0.3146 10 42.8957 98.44157 6 1.076421 0 0
30 0.3146 10 42.96638 98.5108 6 1.123586 0 0
30 0.3146 10 42.86651 98.43549 6 1.095922 0 0
30 0.3146 10 42.74755 98.46565 6 1.098496 0 0
30 0.3138 10 42.89817 98.48736 6 1.056950 0 0
30 0.3138 10 42.65766 98.48663 6 1.064027 0 0
30 0.3138 10 42.76277 98.45154 6 1.047063 0 0
30 0.3138 10 42.55723 98.45417 6 1.106192 0 0
30 0.3138 10 42.84945 98.48846 6 1.080724 0 0
30 0.3128 10 42.82261 98.48808 6 1.046367 0 0
30 0.3128 10 42.70859 98.4687 6 1.074871 0 0
30 0.3128 10 42.82521 98.43938 6 1.076774 0 0
30 0.3128 10 42.7466 98.4738 6 1.068420 0 0
30 0.3128 10 42.7738 98.46745 6 1.057589 0 0
30 0.3138 10 42.94475 98.47188 6 1.066214 0 0
30 0.3138 10 42.72708 98.43115 6 1.082810 0 0
30 0.3138 10 42.60358 98.44526 6 1.060210 0 0
30 0.3138 10 42.54028 98.45564 6 1.080461 0 0
30 0.3138 10 42.93646 98.48054 6 1.071047 0 0
%n density b b_old lambda lse TP FP 
30 0.3138 100 42.61064 155.5543 6 1.069359 0 0
30 0.3138 100 42.95218 155.5426 6 1.075700 0 0
30 0.3138 100 42.71837 155.5552 6 1.091120 0 0
30 0.3138 100 42.91813 155.5636 6 1.082455 0 0
30 0.3138 100 42.64407 155.5288 6 1.069869 0 0
30 0.3146 100 43.05478 155.5585 6 1.096520 0 0
30 0.3146 100 42.70325 155.5374 6 1.097763 0 0
30 0.3146 100 42.60228 155.5853 6 1.091844 0 0
30 0.3146 100 42.5105 155.5419 6 1.110457 0 0
30 0.3146 100 42.91694 155.5635 6 1.094807 0 0
30 0.3138 100 42.74905 155.5630 5 1.100648 0 0
30 0.3138 100 42.7352 155.5497 6 1.098331 0 0
30 0.3138 100 43.0687 155.5451 6 1.115717 0 0
30 0.3138 100 42.59485 155.5451 6 1.093719 0 0
30 0.3138 100 42.62138 155.5673 6 1.081546 0 0
30 0.3128 100 42.55754 155.5371 6 1.076245 0 0
30 0.3128 100 42.85315 155.5297 10 1.066694 0 0
30 0.3128 100 42.73690 155.5577 6 1.076134 0 0
30 0.3128 100 42.87522 155.5569 6 1.074561 0 0
30 0.3128 100 42.81656 155.5397 6 1.058795 0 0
30 0.3138 100 42.76895 155.5616 6 1.052892 0 0
30 0.3138 100 42.96879 155.5475 6 1.089401 0 0
30 0.3138 100 42.85226 155.5642 6 1.052864 0 0
30 0.3138 100 42.64915 155.5377 5 1.064558 0 0
30 0.3138 100 42.74786 155.5783 6 1.080017 0 0
%n density b b_old lambda lse TP FP 
30 0.3138 200 42.7596 236.3761 5 1.08164 0 0
30 0.3138 200 42.77786 236.377 5 1.091619 0 0
30 0.3138 200 42.91861 236.3817 5 1.103427 0 0
30 0.3138 200 42.9105 236.3680 5 1.105212 0 0
30 0.3138 200 42.59245 236.3754 5 1.076578 0 0
30 0.3146 200 42.91983 236.3614 5 1.063548 0 0
30 0.3146 200 42.94216 236.3598 5 1.098945 0 0
30 0.3146 200 42.95537 236.3652 5 1.083908 0 0
30 0.3146 200 42.63774 236.3654 5 1.068523 0 0
30 0.3146 200 42.68252 236.3715 5 1.077526 0 0
30 0.3138 200 42.73759 236.3767 5 1.084295 0 0
30 0.3138 200 42.71196 236.3792 5 1.069945 0 0
30 0.3138 200 42.91987 236.364 5 1.078995 0 0
30 0.3138 200 42.87138 236.3496 5 1.091038 0 0
30 0.3138 200 42.29861 236.3554 5 1.086850 0 0
30 0.3128 200 42.97885 236.3701 5 1.087138 0 0
30 0.3128 200 42.76321 236.3592 5 1.076618 0 0
30 0.3128 200 42.66424 236.3870 5 1.077504 0 0
30 0.3128 200 42.86622 236.3551 5 1.103901 0 0
30 0.3128 200 42.46613 236.3762 5 1.090898 0 0
30 0.3138 200 43.02039 236.3555 5 1.087346 0 0
30 0.3138 200 43.01299 236.3703 5 1.059223 0 0
30 0.3138 200 42.651 236.3398 5 1.046719 0 0
30 0.3138 200 42.80188 236.3558 5 1.118709 0 0
30 0.3138 200 43.04699 236.3519 5 1.069970 0 0
%n density b b_old lambda lse TP FP 
30 0.3138 1000 42.55812 1008.452 7 1.0811 0 0
30 0.3138 1000 42.83786 1008.453 5 1.100618 0 0
30 0.3138 1000 43.05206 1008.452 5 1.071975 0 0
30 0.3138 1000 42.76515 1008.453 5 1.076404 0 0
30 0.3138 1000 42.68018 1008.452 9 1.118981 0 0
30 0.3146 1000 42.89934 1008.452 5 1.083195 0 0
30 0.3146 1000 42.68909 1008.453 5 1.111767 0 0
30 0.3146 1000 43.0062 1008.452 5 1.104198 0 0
30 0.3146 1000 42.9267 1008.452 5 1.078382 0 0
30 0.3146 1000 42.95904 1008.453 5 1.083881 0 0
30 0.3138 1000 42.74348 1008.453 5 1.078078 0 0
30 0.3138 1000 42.79855 1008.453 5 1.068531 0 0
30 0.3138 1000 42.95074 1008.451 7 1.090069 0 0
30 0.3138 1000 42.79446 1008.452 5 1.099541 0 0
30 0.3138 1000 42.81821 1008.453 5 1.090353 0 0
30 0.3128 1000 42.76369 1008.452 5 1.084363 0 0
30 0.3128 1000 42.75939 1008.453 8 1.110040 0 0
30 0.3128 1000 42.5298 1008.453 5 1.071524 0 0
30 0.3128 1000 42.76260 1008.452 5 1.083180 0 0
30 0.3128 1000 42.72792 1008.453 5 1.06828 0 0
30 0.3138 1000 42.63196 1008.452 5 1.068200 0 0
30 0.3138 1000 42.76832 1008.452 5 1.062807 0 0
30 0.3138 1000 43.00595 1008.452 5 1.074280 0 0
30 0.3138 1000 42.84496 1008.453 5 1.063644 0 0
30 0.3138 1000 42.52947 1008.454 7 1.072343 0 0
%n density b b_old lambda lse TP FP 
30 0.3138 10000 42.8083 9895.423 1 1.096408 0.09150757 0.07053337
30 0.3138 10000 42.79442 9890.234 1 1.133310 0.1026991 0.08481492
30 0.3138 10000 42.94327 9884.25 1 1.106120 0.1329822 0.1023025
30 0.3138 10000 42.9072 9892.363 1 1.145429 0.09743252 0.0827747
30 0.3138 10000 42.76013 9888.116 1 1.116930 0.1119157 0.09093559
30 0.3146 10000 42.84497 9888.568 1 1.129171 0.09192383 0.08316312
30 0.3146 10000 42.74293 9890.814 1 1.130193 0.1017728 0.08841552
30 0.3146 10000 42.81301 9891.086 1 1.091787 0.09389363 0.08433032
30 0.3146 10000 43.05938 9894.392 1 1.094882 0.09323703 0.0764517
30 0.3146 10000 42.91462 9885.382 1 1.108089 0.1142482 0.09892034
30 0.3138 10000 42.82532 9890.443 1 1.096855 0.1112574 0.08190032
30 0.3138 10000 42.82806 9885.336 1 1.079704 0.1342989 0.09793063
30 0.3138 10000 42.91013 9893.184 1 1.098208 0.08229098 0.06616147
30 0.3138 10000 42.68754 9888.03 1 1.110395 0.1066491 0.08394054
30 0.3138 10000 42.92346 9889.63 1 1.077653 0.09084924 0.0856893
30 0.3128 10000 42.77189 9888.442 1 1.120040 0.1136063 0.08614668
30 0.3128 10000 42.80723 9889.114 1 1.085787 0.1109643 0.09487776
30 0.3128 10000 42.90039 9892.656 1 1.092322 0.09445178 0.07683353
30 0.3128 10000 42.74806 9893.09 1 1.122000 0.07727873 0.07945285
30 0.3128 10000 42.71005 9889.061 1 1.118011 0.09048877 0.07974389
30 0.3138 10000 42.54219 9892.157 1 1.114385 0.07965767 0.07228213
30 0.3138 10000 42.91444 9890.704 1 1.134241 0.09348255 0.09064413
30 0.3138 10000 42.89764 9886.761 1 1.111621 0.1250823 0.09414165
30 0.3138 10000 42.4514 9883.92 1 1.098369 0.1125741 0.084232
30 0.3138 10000 42.64943 9887.2 1 1.11839 0.1112574 0.09210143
%n density b b_old lambda lse TP FP 
50 0.0614 1 44.57567 90.27807 6 1.005784 0 0
50 0.0614 1 44.5543 90.21623 6 1.042600 0 0
50 0.0614 1 44.58277 90.24171 6 1.041166 0 0
50 0.0614 1 44.42119 90.22036 6 1.017062 0 0
50 0.0614 1 44.55885 90.20368 6 1.028883 0 0
50 0.0612 1 44.51632 90.17938 6 1.019491 0 0
50 0.0612 1 44.52543 90.25538 6 1.020847 0 0
50 0.0612 1 44.54532 90.12599 6 1.016915 0 0
50 0.0612 1 44.51056 90.16616 6 1.000335 0 0
50 0.0612 1 44.51617 90.17098 6 1.024885 0 0
50 0.0616 1 44.43201 90.16388 6 1.032208 0 0
50 0.0616 1 44.54432 90.18306 6 1.021912 0 0
50 0.0616 1 44.3642 90.28438 6 1.025126 0 0
50 0.0616 1 44.40304 90.14606 6 1.006584 0 0
50 0.0616 1 44.42632 90.14182 6 1.017747 0 0
50 0.0614 1 44.39808 90.26666 6 1.010376 0 0
50 0.0614 1 44.37438 90.29 6 1.022442 0 0
50 0.0614 1 44.40478 90.2267 6 1.035611 0 0
50 0.0614 1 44.44232 90.2169 6 1.031183 0 0
50 0.0614 1 44.31907 90.22601 6 1.018575 0 0
50 0.0618 1 44.39326 90.18234 6 1.013279 0 0
50 0.0618 1 44.49657 90.1948 6 1.007152 0 0
50 0.0618 1 44.47358 90.20534 6 1.041657 0 0
50 0.0618 1 44.47572 90.22226 6 1.002733 0 0
50 0.0618 1 44.38335 90.29756 6 1.019715 0 0
%n density b b_old lambda lse TP FP 
50 0.0614 10 44.37147 94.70926 6 1.009595 0 0
50 0.0614 10 44.41627 94.72982 6 1.001985 0 0
50 0.0614 10 44.64714 94.7454 6 1.023339 0 0
50 0.0614 10 44.75735 94.72695 6 1.023418 0 0
50 0.0614 10 44.25013 94.80377 6 1.032913 0 0
50 0.0612 10 44.17913 94.75625 6 1.023823 0 0
50 0.0612 10 44.21706 94.70386 6 1.048640 0 0
50 0.0612 10 44.5471 94.78422 6 1.026606 0 0
50 0.0612 10 44.65216 94.81103 6 1.008812 0 0
50 0.0612 10 44.55468 94.72993 6 1.022627 0 0
50 0.0616 10 44.15763 94.71977 6 1.028611 0 0
50 0.0616 10 44.42025 94.78912 6 1.026759 0 0
50 0.0616 10 44.38932 94.70211 6 0.995138 0 0
50 0.0616 10 44.62622 94.71926 6 1.027945 0 0
50 0.0616 10 44.42395 94.7006 6 0.993652 0 0
50 0.0614 10 44.6106 94.75018 6 1.017553 0 0
50 0.0614 10 44.41678 94.61612 6 1.023359 0 0
50 0.0614 10 44.53441 94.73405 6 1.031500 0 0
50 0.0614 10 44.45796 94.80123 6 1.038487 0 0
50 0.0614 10 44.689 94.72422 6 1.015516 0 0
50 0.0618 10 44.29699 94.66736 6 1.032368 0 0
50 0.0618 10 44.39131 94.64464 6 1.009728 0 0
50 0.0618 10 44.72079 94.81893 6 1.031005 0 0
50 0.0618 10 44.54212 94.769 6 0.991448 0 0
50 0.0618 10 44.36351 94.66627 6 1.023002 0 0
%n density b b_old lambda lse TP FP 
50 0.0614 100 44.39611 151.8119 6 1.009245 0 0
50 0.0614 100 44.44289 151.7573 6 1.024057 0 0
50 0.0614 100 44.52733 151.7716 6 1.02291 0 0
50 0.0614 100 44.45155 151.722 6 1.003108 0 0
50 0.0614 100 44.55917 151.7497 6 1.010301 0 0
50 0.0612 100 44.77626 151.8047 6 1.008481 0 0
50 0.0612 100 44.3893 151.7862 6 1.017056 0 0
50 0.0612 100 44.2742 151.7791 6 1.044493 0 0
50 0.0612 100 44.25933 151.7485 6 1.016537 0 0
50 0.0612 100 44.49685 151.7728 6 1.040379 0 0
50 0.0616 100 44.43446 151.7689 6 1.008006 0 0
50 0.0616 100 44.51442 151.7539 6 0.9984278 0 0
50 0.0616 100 44.41707 151.7476 6 1.041946 0 0
50 0.0616 100 44.62592 151.7773 6 1.015368 0 0
50 0.0616 100 44.82215 151.7773 6 1.032409 0 0
50 0.0614 100 44.55168 151.8130 6 1.022946 0 0
50 0.0614 100 44.51777 151.7385 6 1.014315 0 0
50 0.0614 100 44.62677 151.761 6 0.9989201 0 0
50 0.0614 100 44.77923 151.7653 6 1.035676 0 0
50 0.0614 100 44.40516 151.7536 6 1.023524 0 0
50 0.0618 100 44.2254 151.7405 6 1.015193 0 0
50 0.0618 100 44.58612 151.7373 6 1.040440 0 0
50 0.0618 100 44.59005 151.7236 6 1.000551 0 0
50 0.0618 100 44.44527 151.7760 6 1.039192 0 0
50 0.0618 100 44.40763 151.7650 6 1.00611 0 0
%n density b b_old lambda lse TP FP 
50 0.0614 200 44.66277 233.2337 6 1.020782 0 0
50 0.0614 200 44.17041 233.198 6 1.002432 0 0
50 0.0614 200 44.737 233.1896 6 1.006419 0 0
50 0.0614 200 44.55991 233.2164 6 1.018986 0 0
50 0.0614 200 44.77032 233.2172 6 1.006260 0 0
50 0.0612 200 44.60986 233.2289 6 1.016585 0 0
50 0.0612 200 44.47741 233.211 6 0.9965085 0 0
50 0.0612 200 44.43266 233.2373 6 1.017306 0 0
50 0.0612 200 44.76945 233.2132 6 1.001288 0 0
50 0.0612 200 44.59353 233.1899 9 1.030912 0 0
50 0.0616 200 44.34332 233.2043 6 1.042628 0 0
50 0.0616 200 44.31009 233.2346 8 1.01351 0 0
50 0.0616 200 44.73991 233.1906 6 1.022631 0 0
50 0.0616 200 44.52430 233.2108 8 1.011782 0 0
50 0.0616 200 44.63826 233.2098 6 1.016995 0 0
50 0.0614 200 44.4227 233.2138 6 1.014820 0 0
50 0.0614 200 44.39528 233.1931 6 0.9982628 0 0
50 0.0614 200 44.62954 233.2227 6 1.006065 0 0
50 0.0614 200 44.424 233.2042 6 1.012549 0 0
50 0.0614 200 44.46838 233.2265 6 1.009460 0 0
50 0.0618 200 44.18105 233.2208 6 1.004133 0 0
50 0.0618 200 44.66481 233.2253 6 1.012860 0 0
50 0.0618 200 44.46291 233.2212 8 1.023539 0 0
50 0.0618 200 44.53542 233.1855 6 1.032088 0 0
50 0.0618 200 44.5001 233.2391 6 1.007260 0 0
%n density b b_old lambda lse TP FP 
50 0.0614 1000 44.14522 1007.505 5 1.018590 0 0
50 0.0614 1000 44.71108 1007.505 5 1.032593 0 0
50 0.0614 1000 44.43374 1007.505 5 1.029526 0 0
50 0.0614 1000 44.5514 1007.504 5 1.042123 0 0
50 0.0614 1000 44.81257 1007.507 5 1.006748 0 0
50 0.0612 1000 44.56617 1007.504 5 1.024242 0 0
50 0.0612 1000 44.43016 1007.507 5 1.030896 0 0
50 0.0612 1000 44.56408 1007.507 5 1.038981 0 0
50 0.0612 1000 44.40931 1007.504 5 1.003509 0 0
50 0.0612 1000 44.30663 1007.506 5 1.005078 0 0
50 0.0616 1000 44.54502 1007.505 5 1.000440 0 0
50 0.0616 1000 44.42543 1007.505 5 1.015013 0 0
50 0.0616 1000 44.57998 1007.505 5 1.023102 0 0
50 0.0616 1000 44.32448 1007.504 5 1.026743 0 0
50 0.0616 1000 44.45077 1007.506 5 1.012937 0 0
50 0.0614 1000 44.31554 1007.505 5 1.010949 0 0
50 0.0614 1000 44.30643 1007.504 5 1.005370 0 0
50 0.0614 1000 44.44853 1007.508 5 0.991673 0 0
50 0.0614 1000 44.48958 1007.505 5 0.9973985 0 0
50 0.0614 1000 44.41783 1007.504 5 1.035486 0 0
50 0.0618 1000 44.5263 1007.505 5 1.013725 0 0
50 0.0618 1000 44.32575 1007.503 5 1.014651 0 0
50 0.0618 1000 44.54528 1007.507 5 0.9921504 0 0
50 0.0618 1000 44.7288 1007.504 5 1.003677 0 0
50 0.0618 1000 44.66215 1007.505 5 1.00556 0 0
%n density b b_old lambda lse TP FP 
50 0.0614 10000 44.5287 9847.1 1 1.075106 0.1984436 0.1463882
50 0.0614 10000 44.31585 9842.551 1 1.089563 0.1945525 0.1553377
50 0.0614 10000 44.52669 9844.897 1 1.075004 0.2256809 0.1434051
50 0.0614 10000 44.65822 9842.256 1 1.083117 0.2023346 0.1587471
50 0.0614 10000 44.27735 9848.347 1 1.069651 0.2101167 0.1436182
50 0.0612 10000 44.38019 9849.854 1 1.057523 0.1679688 0.1408181
50 0.0612 10000 44.49901 9851.252 1 1.084357 0.234375 0.1559438
50 0.0612 10000 44.67795 9845.456 1 1.079486 0.2070312 0.146144
50 0.0612 10000 44.73483 9851.604 1 1.06228 0.2265625 0.1410311
50 0.0612 10000 44.24401 9847.257 1 1.103392 0.1796875 0.1482744
50 0.0616 10000 44.43911 9843.583 1 1.094623 0.1705426 0.1540921
50 0.0616 10000 44.05368 9846.693 1 1.105719 0.1899225 0.1378943
50 0.0616 10000 44.65653 9847.817 1 1.072509 0.1860465 0.1459932
50 0.0616 10000 44.53122 9844.214 1 1.056897 0.2286822 0.1534527
50 0.0616 10000 44.26686 9848.88 1 1.087111 0.2325581 0.1492967
50 0.0614 10000 44.62607 9851.636 1 1.095059 0.1634241 0.1440443
50 0.0614 10000 44.24772 9842.72 1 1.096807 0.2062257 0.1557639
50 0.0614 10000 44.28419 9850.374 1 1.074990 0.1906615 0.1372257
50 0.0614 10000 44.40654 9845.746 1 1.078842 0.2062257 0.1474537
50 0.0614 10000 44.32834 9842.985 1 1.083532 0.2217899 0.1586405
50 0.0618 10000 44.44037 9846.22 1 1.071219 0.2316602 0.1496483
50 0.0618 10000 44.17679 9843.348 1 1.07946 0.2316602 0.1556171
50 0.0618 10000 44.62459 9846.375 1 1.068514 0.1891892 0.1477297
50 0.0618 10000 44.583 9844.705 1 1.096560 0.2162162 0.1447453
50 0.0618 10000 44.52114 9846.431 1 1.086011 0.1891892 0.1485824
%n density b b_old lambda lse TP FP 
50 0.2188 1 44.43093 90.39687 6 1.031703 0 0
50 0.2188 1 44.46905 90.33726 6 1.075843 0 0
50 0.2188 1 44.32166 90.23152 6 1.069302 0 0
50 0.2188 1 44.61971 90.24802 6 1.061420 0 0
50 0.2188 1 44.6012 90.30735 6 1.014183 0 0
50 0.2196 1 44.39130 90.34774 6 1.046894 0 0
50 0.2196 1 44.52507 90.30538 6 1.067521 0 0
50 0.2196 1 44.40653 90.37778 6 1.046577 0 0
50 0.2196 1 44.66488 90.29523 6 1.094849 0 0
50 0.2196 1 44.51517 90.33473 6 1.061769 0 0
50 0.219 1 44.4929 90.30252 6 1.017215 0 0
50 0.219 1 44.34346 90.17192 6 1.055753 0 0
50 0.219 1 44.47473 90.24782 6 1.048162 0 0
50 0.219 1 44.3771 90.27785 6 1.047452 0 0
50 0.219 1 44.40812 90.36463 6 1.042949 0 0
50 0.2182 1 44.46381 90.21112 6 1.069961 0 0
50 0.2182 1 44.61 90.27959 6 1.086406 0 0
50 0.2182 1 44.54488 90.20261 6 1.099873 0 0
50 0.2182 1 44.42753 90.29738 6 1.065432 0 0
50 0.2182 1 44.41001 90.40158 6 1.072077 0 0
50 0.2194 1 44.05508 90.39853 6 1.041335 0 0
50 0.2194 1 44.57266 90.30333 6 1.073924 0 0
50 0.2194 1 44.27336 90.33609 6 1.066617 0 0
50 0.2194 1 44.39676 90.26262 6 1.071916 0 0
50 0.2194 1 44.72568 90.35183 6 1.049547 0 0
%n density b b_old lambda lse TP FP 
50 0.2188 10 44.49619 94.75846 6 1.055006 0 0
50 0.2188 10 44.73111 94.79204 6 1.068197 0 0
50 0.2188 10 44.37925 94.72448 6 1.042051 0 0
50 0.2188 10 44.25709 94.78161 6 1.055890 0 0
50 0.2188 10 44.65098 94.77382 6 1.058371 0 0
50 0.2196 10 44.33101 94.76792 6 1.058239 0 0
50 0.2196 10 44.61526 94.7758 6 1.069397 0 0
50 0.2196 10 44.56629 94.90412 6 1.059777 0 0
50 0.2196 10 44.41416 94.8896 6 1.061952 0 0
50 0.2196 10 44.35357 94.75812 6 1.072722 0 0
50 0.219 10 44.27837 94.82441 6 1.071357 0 0
50 0.219 10 44.40883 94.78196 6 1.074468 0 0
50 0.219 10 44.28673 94.83445 6 1.076279 0 0
50 0.219 10 44.37074 94.82063 6 1.044163 0 0
50 0.219 10 44.30157 94.84952 6 1.053568 0 0
50 0.2182 10 44.43785 94.82491 6 1.045359 0 0
50 0.2182 10 44.70397 94.84902 6 1.057941 0 0
50 0.2182 10 44.5306 94.83275 6 1.060612 0 0
50 0.2182 10 44.66904 94.80592 6 1.057511 0 0
50 0.2182 10 44.52838 94.8568 6 1.072208 0 0
50 0.2194 10 44.83331 94.83142 6 1.041155 0 0
50 0.2194 10 44.58748 94.83788 6 1.079415 0 0
50 0.2194 10 44.66922 94.74564 6 1.104657 0 0
50 0.2194 10 44.14061 94.74453 6 1.079327 0 0
50 0.2194 10 44.51998 94.83633 6 1.054981 0 0
%n density b b_old lambda lse TP FP 
50 0.2188 100 44.67634 151.8099 6 1.083967 0 0
50 0.2188 100 44.35761 151.8429 6 1.037655 0 0
50 0.2188 100 44.64185 151.8708 6 1.041037 0 0
50 0.2188 100 44.60723 151.9073 6 1.053127 0 0
50 0.2188 100 44.50952 151.8716 6 1.064155 0 0
50 0.2196 100 44.41389 151.8003 6 1.047627 0 0
50 0.2196 100 44.45905 151.808 6 1.059855 0 0
50 0.2196 100 44.73202 151.8309 6 1.083417 0 0
50 0.2196 100 44.3078 151.8261 6 1.053226 0 0
50 0.2196 100 44.29363 151.8332 6 1.06336 0 0
50 0.219 100 44.35085 151.8128 6 1.039947 0 0
50 0.219 100 44.60288 151.8232 6 1.030053 0 0
50 0.219 100 44.13177 151.7695 6 1.060481 0 0
50 0.219 100 44.34304 151.862 6 1.023857 0 0
50 0.219 100 43.97275 151.8079 6 1.062434 0 0
50 0.2182 100 44.38298 151.8085 6 1.027040 0 0
50 0.2182 100 44.45223 151.8689 6 1.072801 0 0
50 0.2182 100 44.49503 151.8202 6 1.046547 0 0
50 0.2182 100 44.19722 151.8191 6 1.038641 0 0
50 0.2182 100 44.54617 151.8629 6 1.080712 0 0
50 0.2194 100 44.50304 151.8234 6 1.057308 0 0
50 0.2194 100 44.65397 151.8670 6 1.065999 0 0
50 0.2194 100 44.66021 151.8936 6 1.078388 0 0
50 0.2194 100 44.27232 151.8356 6 1.077380 0 0
50 0.2194 100 44.46102 151.8922 6 1.085964 0 0
%n density b b_old lambda lse TP FP 
50 0.2188 200 44.60429 233.2127 6 1.046782 0 0
50 0.2188 200 44.46036 233.2404 6 1.067158 0 0
50 0.2188 200 44.60085 233.2444 6 1.063002 0 0
50 0.2188 200 44.63774 233.2210 6 1.079370 0 0
50 0.2188 200 44.53508 233.2278 6 1.052891 0 0
50 0.2196 200 44.44937 233.2651 6 1.058106 0 0
50 0.2196 200 44.64956 233.2416 6 1.072775 0 0
50 0.2196 200 44.53291 233.2349 6 1.075759 0 0
50 0.2196 200 44.50741 233.2527 6 1.083182 0 0
50 0.2196 200 44.32494 233.2028 6 1.098748 0 0
50 0.219 200 44.26741 233.2473 6 1.026334 0 0
50 0.219 200 44.2049 233.2619 6 1.059545 0 0
50 0.219 200 44.42159 233.2675 6 1.060766 0 0
50 0.219 200 44.23978 233.2322 6 1.027156 0 0
50 0.219 200 44.52401 233.2580 6 1.089748 0 0
50 0.2182 200 44.59367 233.2283 6 1.064250 0 0
50 0.2182 200 44.53767 233.2566 6 1.058658 0 0
50 0.2182 200 44.3621 233.2535 6 1.075311 0 0
50 0.2182 200 44.34892 233.2495 6 1.076806 0 0
50 0.2182 200 44.28174 233.222 6 1.089104 0 0
50 0.2194 200 44.30782 233.2372 6 1.096874 0 0
50 0.2194 200 44.53893 233.2672 6 1.070963 0 0
50 0.2194 200 44.47351 233.2621 6 1.048176 0 0
50 0.2194 200 44.47728 233.2510 6 1.077612 0 0
50 0.2194 200 44.00895 233.2392 6 1.096645 0 0
%n density b b_old lambda lse TP FP 
50 0.2188 1000 44.51945 1007.509 5 1.036678 0 0
50 0.2188 1000 44.36004 1007.507 5 1.083086 0 0
50 0.2188 1000 44.32445 1007.508 5 1.051378 0 0
50 0.2188 1000 44.71717 1007.508 5 1.062058 0 0
50 0.2188 1000 44.69040 1007.505 5 1.059040 0 0
50 0.2196 1000 44.6283 1007.507 5 1.079384 0 0
50 0.2196 1000 44.54864 1007.509 5 1.059468 0 0
50 0.2196 1000 44.55187 1007.508 5 1.084668 0 0
50 0.2196 1000 44.58212 1007.508 5 1.082378 0 0
50 0.2196 1000 44.72914 1007.507 5 1.037182 0 0
50 0.219 1000 44.51134 1007.507 5 1.035963 0 0
50 0.219 1000 44.4413 1007.509 5 1.026107 0 0
50 0.219 1000 44.73508 1007.509 5 1.037961 0 0
50 0.219 1000 44.49267 1007.51 5 1.040529 0 0
50 0.219 1000 44.61877 1007.507 5 1.055313 0 0
50 0.2182 1000 44.45447 1007.508 5 1.064051 0 0
50 0.2182 1000 44.76171 1007.507 5 1.043868 0 0
50 0.2182 1000 44.52412 1007.511 5 1.037374 0 0
50 0.2182 1000 44.7184 1007.508 5 1.072646 0 0
50 0.2182 1000 44.43954 1007.508 5 1.079593 0 0
50 0.2194 1000 44.50485 1007.51 5 1.042717 0 0
50 0.2194 1000 44.7181 1007.508 5 1.064783 0 0
50 0.2194 1000 44.46126 1007.508 5 1.046362 0 0
50 0.2194 1000 44.14299 1007.506 5 1.057448 0 0
50 0.2194 1000 44.35757 1007.509 5 1.079073 0 0
%n density b b_old lambda lse TP FP 
50 0.2188 10000 44.61716 9839.168 1 1.110118 0.2030651 0.1656426
50 0.2188 10000 44.30359 9840.52 1 1.105138 0.1877395 0.1551459
50 0.2188 10000 44.60762 9837.04 1 1.137536 0.1906130 0.1638505
50 0.2188 10000 44.37085 9846.05 1 1.145753 0.197318 0.1515617
50 0.2188 10000 44.63852 9842.855 1 1.109998 0.1982759 0.1551459
50 0.2196 10000 44.47733 9841.573 1 1.112711 0.1765267 0.1532547
50 0.2196 10000 44.64803 9837.856 1 1.092043 0.2185115 0.1627371
50 0.2196 10000 44.67236 9838.215 1 1.092245 0.2242366 0.1606868
50 0.2196 10000 44.36902 9841.007 1 1.128994 0.2194656 0.1591492
50 0.2196 10000 44.57706 9839.647 1 1.108377 0.2003817 0.1747822
50 0.219 10000 44.66254 9834.167 1 1.113041 0.2172249 0.1610755
50 0.219 10000 44.18323 9841.289 1 1.116462 0.1904306 0.1517286
50 0.219 10000 44.35755 9840.03 1 1.162938 0.1885167 0.1595391
50 0.219 10000 44.25317 9836.923 1 1.070775 0.2248804 0.1636364
50 0.219 10000 44.71581 9839.908 1 1.064052 0.2057416 0.1674776
50 0.2182 10000 44.32679 9840.97 1 1.085785 0.1902017 0.1552827
50 0.2182 10000 44.37862 9838.595 1 1.110090 0.1969260 0.1639806
50 0.2182 10000 44.48401 9843.203 1 1.115473 0.2007685 0.1632131
50 0.2182 10000 44.47834 9839.905 1 1.131436 0.1940442 0.1670504
50 0.2182 10000 44.70437 9844.113 1 1.118996 0.1863593 0.1386544
50 0.2194 10000 44.31031 9838.264 1 1.14898 0.1814709 0.1507815
50 0.2194 10000 44.53710 9840.235 1 1.098198 0.2139446 0.1647451
50 0.2194 10000 44.52140 9840.796 1 1.112107 0.2024833 0.1555214
50 0.2194 10000 44.473 9848.538 1 1.074018 0.1719198 0.1429669
50 0.2194 10000 44.58422 9839.295 1 1.06573 0.2072588 0.1596208
%n density b b_old lambda lse TP FP 
50 0.3138 1 44.38805 90.29575 6 1.092284 0 0
50 0.3138 1 44.28797 90.3816 6 1.091137 0 0
50 0.3138 1 44.29919 90.37123 6 1.081782 0 0
50 0.3138 1 44.41352 90.33575 6 1.077651 0 0
50 0.3138 1 44.72696 90.41252 6 1.07296 0 0
50 0.3146 1 44.52175 90.4004 6 1.081267 0 0
50 0.3146 1 44.47774 90.33753 6 1.096376 0 0
50 0.3146 1 44.52065 90.36873 6 1.092993 0 0
50 0.3146 1 44.50371 90.33783 6 1.102657 0 0
50 0.3146 1 44.17414 90.35479 6 1.083320 0 0
50 0.3138 1 44.40702 90.38327 6 1.078253 0 0
50 0.3138 1 44.64095 90.3772 6 1.066462 0 0
50 0.3138 1 44.61223 90.2946 6 1.070574 0 0
50 0.3138 1 44.37402 90.3158 6 1.093379 0 0
50 0.3138 1 44.20241 90.3622 6 1.074375 0 0
50 0.3128 1 44.88308 90.40361 6 1.087236 0 0
50 0.3128 1 44.51496 90.28453 6 1.057316 0 0
50 0.3128 1 44.48734 90.39305 6 1.091841 0 0
50 0.3128 1 44.37132 90.23988 6 1.096907 0 0
50 0.3128 1 44.49067 90.29598 6 1.093529 0 0
50 0.3138 1 44.10043 90.40596 6 1.046095 0 0
50 0.3138 1 44.34924 90.43488 6 1.069476 0 0
50 0.3138 1 44.50586 90.37991 6 1.032741 0 0
50 0.3138 1 44.57105 90.40657 6 1.091450 0 0
50 0.3138 1 44.37281 90.30615 6 1.093190 0 0
%n density b b_old lambda lse TP FP 
50 0.3138 10 44.62457 94.83176 6 1.062185 0 0
50 0.3138 10 44.37722 94.83316 6 1.098651 0 0
50 0.3138 10 44.47915 94.83987 6 1.087194 0 0
50 0.3138 10 44.41977 94.88723 6 1.098495 0 0
50 0.3138 10 44.13061 94.95955 6 1.081791 0 0
50 0.3146 10 44.28366 94.81627 6 1.080881 0 0
50 0.3146 10 44.09411 94.77049 6 1.079895 0 0
50 0.3146 10 44.0264 94.81259 6 1.090189 0 0
50 0.3146 10 44.51283 94.96729 6 1.072331 0 0
50 0.3146 10 44.29456 94.91305 6 1.058248 0 0
50 0.3138 10 44.38534 94.85156 6 1.070238 0 0
50 0.3138 10 44.40437 94.78795 6 1.072247 0 0
50 0.3138 10 44.315 94.92871 6 1.093928 0 0
50 0.3138 10 44.26109 94.88496 6 1.094772 0 0
50 0.3138 10 44.54011 94.78138 6 1.100788 0 0
50 0.3128 10 44.66912 94.7956 6 1.107453 0 0
50 0.3128 10 44.47287 94.9327 6 1.080912 0 0
50 0.3128 10 44.50654 94.81867 6 1.040025 0 0
50 0.3128 10 44.58981 94.92493 6 1.076470 0 0
50 0.3128 10 44.40941 94.73002 6 1.085807 0 0
50 0.3138 10 44.34585 94.83443 6 1.071904 0 0
50 0.3138 10 44.2723 94.89928 6 1.055413 0 0
50 0.3138 10 44.7522 94.74108 6 1.099000 0 0
50 0.3138 10 44.45693 94.92186 6 1.087828 0 0
50 0.3138 10 44.5752 94.87201 6 1.083895 0 0
%n density b b_old lambda lse TP FP 
50 0.3138 100 44.45916 151.8859 6 1.077480 0 0
50 0.3138 100 44.40457 151.8547 6 1.069364 0 0
50 0.3138 100 44.35752 151.8389 6 1.085479 0 0
50 0.3138 100 44.3533 151.8226 6 1.084159 0 0
50 0.3138 100 44.7603 151.8087 6 1.068283 0 0
50 0.3146 100 44.49875 151.8882 6 1.059311 0 0
50 0.3146 100 44.28888 151.9112 6 1.095576 0 0
50 0.3146 100 44.6681 151.7831 6 1.062924 0 0
50 0.3146 100 44.30524 151.8662 6 1.047005 0 0
50 0.3146 100 44.25732 151.8473 6 1.066680 0 0
50 0.3138 100 44.20046 151.8337 6 1.090178 0 0
50 0.3138 100 44.52321 151.8262 6 1.090105 0 0
50 0.3138 100 44.49925 151.8998 6 1.107198 0 0
50 0.3138 100 44.44905 151.8173 6 1.092561 0 0
50 0.3138 100 44.4747 151.8832 6 1.042741 0 0
50 0.3128 100 44.49348 151.8671 6 1.082557 0 0
50 0.3128 100 44.26741 151.8885 6 1.061065 0 0
50 0.3128 100 44.33676 151.8861 6 1.091070 0 0
50 0.3128 100 44.46541 151.9171 6 1.080790 0 0
50 0.3128 100 44.46254 151.8715 6 1.070782 0 0
50 0.3138 100 44.60185 151.9161 6 1.107462 0 0
50 0.3138 100 44.3656 151.8236 6 1.088435 0 0
50 0.3138 100 44.27479 151.8382 6 1.062162 0 0
50 0.3138 100 44.55483 151.8086 6 1.046294 0 0
50 0.3138 100 44.48907 151.8643 6 1.096280 0 0
%n density b b_old lambda lse TP FP 
50 0.3138 200 44.44295 233.2817 6 1.095750 0 0
50 0.3138 200 44.44387 233.2775 6 1.061159 0 0
50 0.3138 200 44.28195 233.2725 8 1.094934 0 0
50 0.3138 200 44.34748 233.2703 6 1.108513 0 0
50 0.3138 200 44.3075 233.2580 6 1.039421 0 0
50 0.3146 200 44.75585 233.2449 6 1.106106 0 0
50 0.3146 200 44.45808 233.2904 8 1.071541 0 0
50 0.3146 200 44.49422 233.2560 11 1.095657 0 0
50 0.3146 200 44.36201 233.2706 6 1.101332 0 0
50 0.3146 200 44.66799 233.2543 6 1.090544 0 0
50 0.3138 200 44.53797 233.2787 6 1.077089 0 0
50 0.3138 200 44.53054 233.2423 6 1.079241 0 0
50 0.3138 200 44.6453 233.2605 6 1.082555 0 0
50 0.3138 200 44.32507 233.2499 8 1.097482 0 0
50 0.3138 200 44.68552 233.3077 6 1.103993 0 0
50 0.3128 200 44.15102 233.2522 6 1.064364 0 0
50 0.3128 200 44.29947 233.2705 8 1.050724 0 0
50 0.3128 200 44.49622 233.2402 6 1.077325 0 0
50 0.3128 200 44.59236 233.2742 6 1.073429 0 0
50 0.3128 200 44.48111 233.2144 6 1.069369 0 0
50 0.3138 200 44.61874 233.2452 6 1.105825 0 0
50 0.3138 200 44.49449 233.2342 6 1.093430 0 0
50 0.3138 200 44.55860 233.2653 6 1.064214 0 0
50 0.3138 200 44.86793 233.2628 6 1.083707 0 0
50 0.3138 200 44.51364 233.2861 6 1.086633 0 0
%n density b b_old lambda lse TP FP 
50 0.3138 1000 44.35437 1007.509 5 1.087216 0 0
50 0.3138 1000 44.67265 1007.511 5 1.099432 0 0
50 0.3138 1000 44.46651 1007.509 5 1.089020 0 0
50 0.3138 1000 44.30158 1007.511 5 1.085374 0 0
50 0.3138 1000 44.35354 1007.51 5 1.089601 0 0
50 0.3146 1000 44.34027 1007.510 5 1.056305 0 0
50 0.3146 1000 44.31274 1007.508 5 1.078611 0 0
50 0.3146 1000 44.42034 1007.509 5 1.097551 0 0
50 0.3146 1000 44.3863 1007.506 5 1.070484 0 0
50 0.3146 1000 44.37177 1007.508 5 1.077358 0 0
50 0.3138 1000 44.44819 1007.509 5 1.069451 0 0
50 0.3138 1000 44.51086 1007.510 5 1.075566 0 0
50 0.3138 1000 44.38639 1007.508 5 1.102507 0 0
50 0.3138 1000 44.67193 1007.51 5 1.083798 0 0
50 0.3138 1000 44.3148 1007.509 5 1.087255 0 0
50 0.3128 1000 44.34337 1007.509 5 1.086234 0 0
50 0.3128 1000 44.44691 1007.507 5 1.086672 0 0
50 0.3128 1000 44.66051 1007.508 5 1.127864 0 0
50 0.3128 1000 44.65375 1007.510 5 1.057901 0 0
50 0.3128 1000 44.38645 1007.51 5 1.070408 0 0
50 0.3138 1000 44.53942 1007.509 5 1.092531 0 0
50 0.3138 1000 44.22604 1007.507 5 1.052842 0 0
50 0.3138 1000 44.50717 1007.509 5 1.073321 0 0
50 0.3138 1000 44.35848 1007.508 5 1.066125 0 0
50 0.3138 1000 44.6216 1007.511 5 1.109335 0 0
%n density b b_old lambda lse TP FP 
50 0.3138 10000 44.17712 9841.1 1 1.120735 0.2067149 0.1600117
50 0.3138 10000 44.56423 9835.556 1 1.136793 0.1968400 0.1716701
50 0.3138 10000 44.70721 9839.275 1 1.109662 0.2132982 0.1603031
50 0.3138 10000 44.62227 9829.825 1 1.169502 0.2304147 0.1807053
50 0.3138 10000 44.47105 9835.1 1 1.127112 0.20079 0.1734188
50 0.3146 10000 44.3207 9836.25 1 1.146553 0.219304 0.1695360
50 0.3146 10000 44.71195 9834.462 1 1.141647 0.2074852 0.1797491
50 0.3146 10000 44.68492 9837.415 1 1.114082 0.1910703 0.1540706
50 0.3146 10000 44.66710 9834.498 1 1.169487 0.2094550 0.1628246
50 0.3146 10000 44.57787 9837.421 1 1.102334 0.1982928 0.1578640
50 0.3138 10000 44.50453 9840.223 1 1.128551 0.1928901 0.1519965
50 0.3138 10000 44.8674 9834.663 1 1.110674 0.1764319 0.1681725
50 0.3138 10000 44.37075 9841.53 1 1.169402 0.1981567 0.1678811
50 0.3138 10000 44.23623 9831.684 1 1.137213 0.2172482 0.1877004
50 0.3138 10000 44.52061 9838.079 1 1.093229 0.1935484 0.1614690
50 0.3128 10000 44.46924 9834.662 1 1.132434 0.2034346 0.1760768
50 0.3128 10000 44.47438 9833.92 1 1.153912 0.2232497 0.1600698
50 0.3128 10000 44.67827 9841.756 1 1.107678 0.1902246 0.1664726
50 0.3128 10000 44.50006 9835.817 1 1.123497 0.1895641 0.1725844
50 0.3128 10000 44.53605 9839.319 1 1.123041 0.1948481 0.1615250
50 0.3138 10000 44.53469 9835.868 1 1.131554 0.2132982 0.1611775
50 0.3138 10000 44.21790 9834.415 1 1.130512 0.20079 0.1675896
50 0.3138 10000 44.69169 9839.016 1 1.143252 0.2073733 0.1716701
50 0.3138 10000 44.34076 9834.9 1 1.121339 0.1849901 0.1632177
50 0.3138 10000 44.40474 9835.966 1 1.131479 0.1961817 0.1617604
%n density b b_old lambda lse TP FP 
100 0.0614 1 10.38498 83.36326 7 1.021375 0 0
100 0.0614 1 13.51683 83.45695 6 1.00667 0 0
100 0.0614 1 11.77705 83.43433 7 1.041782 0 0
100 0.0614 1 10.41528 83.39016 7 0.9999373 0 0
100 0.0614 1 11.80238 83.45929 7 1.014206 0 0
100 0.0612 1 10.32757 83.48553 6 1.029108 0 0
100 0.0612 1 11.51649 83.30676 9 1.046901 0 0
100 0.0612 1 11.96620 83.52054 7 1.010238 0 0
100 0.0612 1 12.25752 83.46224 6 1.033701 0 0
100 0.0612 1 12.20685 83.53797 7 1.027720 0 0
100 0.0616 1 9.943642 83.44343 7 1.018199 0 0
100 0.0616 1 11.64875 83.41003 7 1.009896 0 0
100 0.0616 1 11.56632 83.51012 7 1.036549 0 0
100 0.0616 1 9.94879 83.60104 6 1.002821 0 0
100 0.0616 1 11.49599 83.48758 7 1.030607 0 0
100 0.0614 1 12.91594 83.48663 7 1.014413 0 0
100 0.0614 1 10.24450 83.59027 7 1.051033 0 0
100 0.0614 1 10.88508 83.35167 7 1.027262 0 0
100 0.0614 1 10.39258 83.4528 9 1.011432 0 0
100 0.0614 1 10.94432 83.4172 7 1.043966 0 0
100 0.0618 1 12.27102 83.34012 7 1.021256 0 0
100 0.0618 1 11.84789 83.60584 7 1.006039 0 0
100 0.0618 1 10.29957 83.63207 7 0.9852969 0 0
100 0.0618 1 11.22656 83.66988 6 0.9936167 0 0
100 0.0618 1 10.6107 83.51707 7 1.020319 0 0
%n density b b_old lambda lse TP FP 
100 0.0614 10 11.59739 87.75866 9 1.002940 0 0
100 0.0614 10 10.43343 87.58577 7 1.020990 0 0
100 0.0614 10 10.64011 87.79693 10 1.012628 0 0
100 0.0614 10 13.75930 87.86667 7 1.037726 0 0
100 0.0614 10 11.46306 87.74307 9 1.014873 0 0
100 0.0612 10 12.05165 87.80624 6 0.9960044 0 0
100 0.0612 10 11.19175 87.89873 7 1.039716 0 0
100 0.0612 10 11.80954 87.8376 7 0.9995625 0 0
100 0.0612 10 12.30005 87.88363 7 0.9996253 0 0
100 0.0612 10 10.34284 87.7536 7 1.014200 0 0
100 0.0616 10 13.29378 87.73651 7 1.024902 0 0
100 0.0616 10 13.12827 87.90544 7 1.021634 0 0
100 0.0616 10 12.71521 87.82091 7 1.009122 0 0
100 0.0616 10 11.57126 87.6465 7 1.028174 0 0
100 0.0616 10 10.38934 87.9131 7 1.004551 0 0
100 0.0614 10 10.27120 87.77719 7 1.000357 0 0
100 0.0614 10 10.28560 87.71251 7 1.031427 0 0
100 0.0614 10 13.24309 87.8244 7 1.049951 0 0
100 0.0614 10 11.91738 87.72708 7 1.012442 0 0
100 0.0614 10 11.13634 87.7513 7 1.042418 0 0
100 0.0618 10 10.86567 87.80552 7 1.007250 0 0
100 0.0618 10 11.48510 87.91747 7 1.011873 0 0
100 0.0618 10 11.72215 87.91746 6 1.019455 0 0
100 0.0618 10 9.69079 87.8237 10 1.029143 0 0
100 0.0618 10 11.54313 87.82353 7 1.021781 0 0
%n density b b_old lambda lse TP FP 
100 0.0614 100 12.23160 143.6818 6 1.027024 0 0
100 0.0614 100 11.63501 143.8006 7 1.034681 0 0
100 0.0614 100 11.69471 143.757 7 1.033994 0 0
100 0.0614 100 9.934221 143.8332 6 1.008448 0 0
100 0.0614 100 11.21767 143.7972 6 1.011331 0 0
100 0.0612 100 11.65793 143.7455 7 1.017287 0 0
100 0.0612 100 12.52000 143.8876 6 0.9986625 0 0
100 0.0612 100 10.24181 143.8141 6 1.023264 0 0
100 0.0612 100 12.02435 143.8418 7 1.026527 0 0
100 0.0612 100 12.86630 143.8078 7 1.015655 0 0
100 0.0616 100 12.48328 143.8407 6 1.030209 0 0
100 0.0616 100 11.66810 143.7375 6 1.005948 0 0
100 0.0616 100 13.19202 143.7945 7 1.014032 0 0
100 0.0616 100 10.36544 143.9041 7 1.016657 0 0
100 0.0616 100 10.30035 143.8963 6 1.000743 0 0
100 0.0614 100 12.04928 143.8537 6 1.007467 0 0
100 0.0614 100 11.30014 143.7121 7 1.007166 0 0
100 0.0614 100 11.28972 143.863 6 1.01283 0 0
100 0.0614 100 11.70760 143.9084 6 1.018409 0 0
100 0.0614 100 11.56667 143.8523 6 1.018777 0 0
100 0.0618 100 11.23580 143.8017 7 1.017269 0 0
100 0.0618 100 11.57976 143.8838 6 1.024546 0 0
100 0.0618 100 11.54863 144.0013 6 1.031629 0 0
100 0.0618 100 10.35929 143.8676 7 1.061789 0 0
100 0.0618 100 10.06805 143.8670 6 1.038430 0 0
%n density b b_old lambda lse TP FP 
100 0.0614 200 13.06574 226.1991 6 1.030597 0 0
100 0.0614 200 11.80458 226.1130 6 1.009806 0 0
100 0.0614 200 11.90373 226.1338 6 1.001803 0 0
100 0.0614 200 11.52761 226.1792 6 1.032009 0 0
100 0.0614 200 10.45905 226.1722 6 1.038047 0 0
100 0.0612 200 10.99127 226.0938 6 1.008726 0 0
100 0.0612 200 11.02561 226.0931 6 1.034394 0 0
100 0.0612 200 12.23950 226.1988 6 1.046198 0 0
100 0.0612 200 10.62078 226.2549 6 1.022332 0 0
100 0.0612 200 10.22333 226.1708 6 1.012414 0 0
100 0.0616 200 11.11693 226.1474 6 1.002753 0 0
100 0.0616 200 10.74582 226.1735 6 0.9996256 0 0
100 0.0616 200 11.23500 226.1411 6 1.048068 0 0
100 0.0616 200 13.12504 226.1082 6 1.030040 0 0
100 0.0616 200 10.67105 226.1429 6 1.033380 0 0
100 0.0614 200 11.74747 226.1745 6 1.015074 0 0
100 0.0614 200 11.62141 226.1184 6 1.019375 0 0
100 0.0614 200 10.93167 226.0221 6 1.047667 0 0
100 0.0614 200 11.17922 226.2056 6 1.026133 0 0
100 0.0614 200 11.67046 226.1779 6 1.022725 0 0
100 0.0618 200 11.92224 226.1852 6 1.015837 0 0
100 0.0618 200 10.88291 226.2128 6 1.007074 0 0
100 0.0618 200 10.74197 226.2522 6 1.050149 0 0
100 0.0618 200 10.52583 226.1824 6 1.022438 0 0
100 0.0618 200 12.03168 226.1669 6 1.038723 0 0
%n density b b_old lambda lse TP FP 
100 0.0614 1000 11.65883 1005.215 5 1.012478 0 0
100 0.0614 1000 11.44727 1005.216 5 1.021043 0 0
100 0.0614 1000 11.05697 1005.209 5 1.029106 0 0
100 0.0614 1000 10.85636 1005.213 5 1.005202 0 0
100 0.0614 1000 10.00010 1005.210 5 0.9961764 0 0
100 0.0612 1000 10.69174 1005.213 5 1.001105 0 0
100 0.0612 1000 10.21839 1005.212 5 1.019024 0 0
100 0.0612 1000 11.44716 1005.210 5 1.019693 0 0
100 0.0612 1000 11.68576 1005.215 5 1.002777 0 0
100 0.0612 1000 12.00323 1005.212 5 1.029630 0 0
100 0.0616 1000 10.83593 1005.215 5 1.023010 0 0
100 0.0616 1000 11.46256 1005.216 5 1.019414 0 0
100 0.0616 1000 10.29407 1005.218 5 1.035503 0 0
100 0.0616 1000 11.35866 1005.211 5 1.038997 0 0
100 0.0616 1000 10.83067 1005.211 5 1.016263 0 0
100 0.0614 1000 11.88382 1005.213 5 1.019431 0 0
100 0.0614 1000 11.77054 1005.212 5 1.004887 0 0
100 0.0614 1000 11.41691 1005.213 5 1.031859 0 0
100 0.0614 1000 11.68999 1005.210 5 1.036844 0 0
100 0.0614 1000 10.31544 1005.217 5 0.9841567 0 0
100 0.0618 1000 10.32602 1005.213 5 1.055852 0 0
100 0.0618 1000 11.18260 1005.210 5 1.004458 0 0
100 0.0618 1000 10.61728 1005.212 5 1.00614 0 0
100 0.0618 1000 13.72393 1005.215 5 1.029769 0 0
100 0.0618 1000 10.94552 1005.21 5 1.059763 0 0
%n density b b_old lambda lse TP FP 
100 0.0614 10000 10.70286 9771.394 1 1.057299 0.3735409 0.2955466
100 0.0614 10000 9.25078 9772.294 1 1.084688 0.4124514 0.2976774
100 0.0614 10000 12.93377 9778.795 1 1.105120 0.4396887 0.2742382
100 0.0614 10000 11.79213 9776.448 1 1.104507 0.3696498 0.2876625
100 0.0614 10000 11.16500 9781.306 1 1.091407 0.3774319 0.2887279
100 0.0612 10000 11.72780 9776.298 1 1.059290 0.3945312 0.286536
100 0.0612 10000 12.47068 9772.62 1 1.119928 0.3984375 0.2853643
100 0.0612 10000 11.94745 9772.976 1 1.113617 0.3828125 0.2902642
100 0.0612 10000 11.92189 9773.024 1 1.093909 0.3789062 0.2943119
100 0.0612 10000 11.38776 9774.626 1 1.067445 0.453125 0.2946314
100 0.0616 10000 10.51136 9777.903 1 1.087710 0.3643411 0.2855925
100 0.0616 10000 10.13009 9775.94 1 1.085946 0.4186047 0.2762148
100 0.0616 10000 11.42467 9777.431 1 1.064098 0.4031008 0.2787724
100 0.0616 10000 11.61539 9773.762 1 1.126553 0.4147287 0.2949702
100 0.0616 10000 11.23199 9776.514 1 1.090296 0.4186047 0.2917732
100 0.0614 10000 10.85885 9776.474 1 1.098821 0.3579767 0.2946942
100 0.0614 10000 12.00209 9776.792 1 1.068304 0.3813230 0.28127
100 0.0614 10000 10.62438 9778.338 1 1.099671 0.4046693 0.2814831
100 0.0614 10000 10.82649 9777.45 1 1.125568 0.3657588 0.2846793
100 0.0614 10000 11.35959 9776.067 1 1.094651 0.3463035 0.2912849
100 0.0618 10000 11.80843 9775.12 1 1.083312 0.4247104 0.2875719
100 0.0618 10000 10.63486 9772.855 1 1.092718 0.4131274 0.2903432
100 0.0618 10000 10.76347 9774.563 1 1.085708 0.4092664 0.2767001
100 0.0618 10000 10.87407 9774.285 1 1.081266 0.3976834 0.2967384
100 0.0618 10000 11.99429 9776.659 1 1.125569 0.3783784 0.2811767
%n density b b_old lambda lse TP FP 
100 0.2188 1 11.16842 83.69741 7 1.054575 0 0
100 0.2188 1 9.35008 83.84295 6 1.093208 0 0
100 0.2188 1 11.57230 83.59537 7 1.068565 0 0
100 0.2188 1 11.14589 83.5779 7 1.035149 0 0
100 0.2188 1 10.18599 83.99547 6 1.048129 0 0
100 0.2196 1 11.53081 83.86552 7 1.074479 0 0
100 0.2196 1 12.46294 83.82382 6 1.057183 0 0
100 0.2196 1 11.18012 83.68503 7 1.053170 0 0
100 0.2196 1 11.97681 83.82978 7 1.081259 0 0
100 0.2196 1 12.23879 83.60512 7 1.054202 0 0
100 0.219 1 10.62615 83.77663 6 1.061049 0 0
100 0.219 1 10.25342 83.6121 7 1.057256 0 0
100 0.219 1 12.25755 83.8489 7 1.058664 0 0
100 0.219 1 9.955723 83.68308 7 1.089189 0 0
100 0.219 1 13.03980 83.92445 6 1.057167 0 0
100 0.2182 1 13.14013 83.57236 7 1.080528 0 0
100 0.2182 1 11.55879 83.70627 6 1.053581 0 0
100 0.2182 1 10.84953 83.77704 6 1.048503 0 0
100 0.2182 1 11.93417 83.80666 7 1.073062 0 0
100 0.2182 1 11.52449 83.77192 7 1.087940 0 0
100 0.2194 1 11.29938 83.80806 6 1.059922 0 0
100 0.2194 1 10.49739 83.84948 6 1.059161 0 0
100 0.2194 1 11.58235 83.75688 7 1.055062 0 0
100 0.2194 1 11.22701 83.63841 7 1.071427 0 0
100 0.2194 1 12.75501 83.95618 6 1.1039 0 0
%n density b b_old lambda lse TP FP 
100 0.2188 10 12.48725 88.11413 7 1.065741 0 0
100 0.2188 10 11.90163 88.13533 7 1.047745 0 0
100 0.2188 10 12.46681 87.98977 7 1.067259 0 0
100 0.2188 10 10.74402 88.11279 6 1.073430 0 0
100 0.2188 10 11.67490 88.09633 7 1.064340 0 0
100 0.2196 10 10.51889 87.89666 7 1.077070 0 0
100 0.2196 10 12.48724 88.13276 7 1.064246 0 0
100 0.2196 10 10.70129 88.14954 7 1.062559 0 0
100 0.2196 10 11.74919 88.10443 7 1.066377 0 0
100 0.2196 10 11.79634 88.15633 7 1.031147 0 0
100 0.219 10 10.92922 88.10237 7 1.068494 0 0
100 0.219 10 12.30039 88.10066 6 1.057285 0 0
100 0.219 10 11.65102 88.10962 6 1.074517 0 0
100 0.219 10 10.35059 87.98491 7 1.060208 0 0
100 0.219 10 8.82702 88.03102 7 1.045956 0 0
100 0.2182 10 12.12915 88.08432 7 1.041306 0 0
100 0.2182 10 9.795824 88.19368 7 1.084665 0 0
100 0.2182 10 10.60182 88.04864 7 1.074894 0 0
100 0.2182 10 10.26102 87.95681 7 1.02785 0 0
100 0.2182 10 11.82296 88.03945 7 1.085846 0 0
100 0.2194 10 12.77239 88.1311 7 1.045446 0 0
100 0.2194 10 12.13985 88.06061 7 1.058940 0 0
100 0.2194 10 10.39930 88.14952 7 1.074352 0 0
100 0.2194 10 11.15825 88.16088 7 1.037610 0 0
100 0.2194 10 11.16104 88.08747 7 1.058964 0 0
%n density b b_old lambda lse TP FP 
100 0.2188 100 12.06138 144.0124 6 1.065524 0 0
100 0.2188 100 10.20165 144.0487 6 1.065031 0 0
100 0.2188 100 10.95253 144.0459 6 1.054581 0 0
100 0.2188 100 10.9387 143.9993 6 1.090512 0 0
100 0.2188 100 10.08544 144.0371 7 1.080592 0 0
100 0.2196 100 10.85681 144.1099 6 1.081424 0 0
100 0.2196 100 11.38089 144.0614 7 1.087417 0 0
100 0.2196 100 10.89855 144.0854 7 1.057676 0 0
100 0.2196 100 11.12890 143.9854 7 1.075098 0 0
100 0.2196 100 10.21997 144.1404 6 1.095326 0 0
100 0.219 100 10.93023 144.0459 6 1.052568 0 0
100 0.219 100 10.32896 144.0241 6 1.087478 0 0
100 0.219 100 8.71615 144.1936 6 1.055042 0 0
100 0.219 100 12.21691 144.0126 6 1.059661 0 0
100 0.219 100 11.70127 144.0546 6 1.068866 0 0
100 0.2182 100 10.44718 143.9807 6 1.094937 0 0
100 0.2182 100 10.22299 144.0336 6 1.039995 0 0
100 0.2182 100 11.98489 144.0273 6 1.068416 0 0
100 0.2182 100 10.79840 144.0475 6 1.055613 0 0
100 0.2182 100 11.47838 143.9624 7 1.090273 0 0
100 0.2194 100 11.88531 143.9707 6 1.08857 0 0
100 0.2194 100 11.35838 144.0064 7 1.096388 0 0
100 0.2194 100 10.28192 144.1507 6 1.078775 0 0
100 0.2194 100 11.28570 144.0408 7 1.032923 0 0
100 0.2194 100 11.22456 144.1629 6 1.04491 0 0
%n density b b_old lambda lse TP FP 
100 0.2188 200 11.73388 226.2669 6 1.062750 0 0
100 0.2188 200 11.30728 226.3461 6 1.057986 0 0
100 0.2188 200 11.48465 226.2549 6 1.059583 0 0
100 0.2188 200 10.71275 226.2882 6 1.053331 0 0
100 0.2188 200 12.29391 226.2439 6 1.064040 0 0
100 0.2196 200 11.45364 226.2733 6 1.07607 0 0
100 0.2196 200 10.81857 226.2860 6 1.103576 0 0
100 0.2196 200 10.86749 226.2838 6 1.053145 0 0
100 0.2196 200 11.93807 226.2057 6 1.066762 0 0
100 0.2196 200 11.76646 226.2363 6 1.045778 0 0
100 0.219 200 9.413663 226.3416 6 1.069427 0 0
100 0.219 200 10.97567 226.3027 6 1.099038 0 0
100 0.219 200 14.60864 226.2972 6 1.059908 0 0
100 0.219 200 11.70757 226.3192 6 1.081215 0 0
100 0.219 200 9.615662 226.2789 6 1.081357 0 0
100 0.2182 200 11.78087 226.2527 6 1.076022 0 0
100 0.2182 200 12.05681 226.3386 6 1.053382 0 0
100 0.2182 200 11.91535 226.2946 6 1.017913 0 0
100 0.2182 200 11.99210 226.3280 6 1.054077 0 0
100 0.2182 200 11.17402 226.327 6 1.059163 0 0
100 0.2194 200 10.70182 226.2479 6 1.058275 0 0
100 0.2194 200 11.12475 226.2577 6 1.074973 0 0
100 0.2194 200 10.49005 226.1545 6 1.064481 0 0
100 0.2194 200 11.70291 226.2445 6 1.035485 0 0
100 0.2194 200 10.51536 226.3112 6 1.062955 0 0
%n density b b_old lambda lse TP FP 
100 0.2188 1000 9.987425 1005.219 5 1.053396 0 0
100 0.2188 1000 10.84920 1005.223 5 1.062956 0 0
100 0.2188 1000 10.85738 1005.227 5 1.071761 0 0
100 0.2188 1000 12.11145 1005.227 5 1.046414 0 0
100 0.2188 1000 11.78931 1005.221 5 1.064028 0 0
100 0.2196 1000 11.09582 1005.221 5 1.070805 0 0
100 0.2196 1000 12.14173 1005.228 5 1.081376 0 0
100 0.2196 1000 10.99429 1005.221 5 1.052518 0 0
100 0.2196 1000 8.508814 1005.223 5 1.079478 0 0
100 0.2196 1000 9.418823 1005.226 5 1.061262 0 0
100 0.219 1000 11.17534 1005.223 5 1.066005 0 0
100 0.219 1000 9.695936 1005.217 5 1.069987 0 0
100 0.219 1000 12.62320 1005.220 5 1.044507 0 0
100 0.219 1000 11.49346 1005.22 5 1.023120 0 0
100 0.219 1000 11.60219 1005.223 5 1.059975 0 0
100 0.2182 1000 11.70441 1005.224 5 1.066653 0 0
100 0.2182 1000 12.81292 1005.219 5 1.081540 0 0
100 0.2182 1000 11.22963 1005.224 5 1.044096 0 0
100 0.2182 1000 11.94850 1005.229 5 1.037108 0 0
100 0.2182 1000 11.87106 1005.227 5 1.063166 0 0
100 0.2194 1000 12.28057 1005.220 5 1.048970 0 0
100 0.2194 1000 11.37084 1005.225 5 1.058860 0 0
100 0.2194 1000 10.02453 1005.222 5 1.093946 0 0
100 0.2194 1000 11.22255 1005.225 5 1.067961 0 0
100 0.2194 1000 11.04066 1005.224 5 1.065406 0 0
%n density b b_old lambda lse TP FP 
100 0.2188 10000 10.64758 9765.219 1 1.121843 0.4176245 0.2892985
100 0.2188 10000 11.22305 9766.944 1 1.108115 0.3908046 0.3013313
100 0.2188 10000 11.81257 9754.898 1 1.126682 0.3955939 0.3184844
100 0.2188 10000 11.72168 9763.34 1 1.150683 0.3850575 0.3092678
100 0.2188 10000 10.56664 9772.59 1 1.134289 0.3745211 0.2880184
100 0.2196 10000 11.57782 9763.133 1 1.147499 0.3854962 0.2903639
100 0.2196 10000 10.92023 9760.42 1 1.140528 0.4007634 0.2917734
100 0.2196 10000 11.28561 9762.787 1 1.122041 0.394084 0.2875448
100 0.2196 10000 11.26993 9764.175 1 1.106537 0.3759542 0.3017683
100 0.2196 10000 11.76542 9765.833 1 1.097503 0.375 0.2993337
100 0.219 10000 9.84586 9762.234 1 1.136229 0.384689 0.3029449
100 0.219 10000 12.11209 9768.074 1 1.080373 0.3808612 0.3003841
100 0.219 10000 11.29151 9765.737 1 1.082708 0.3655502 0.2868118
100 0.219 10000 13.50846 9768.555 1 1.112770 0.3827751 0.2883483
100 0.219 10000 10.72345 9766.526 1 1.106301 0.3933014 0.2952625
100 0.2182 10000 10.62334 9758.566 1 1.118317 0.3775216 0.2885649
100 0.2182 10000 11.73635 9770.848 1 1.083428 0.3775216 0.2934254
100 0.2182 10000 11.5443 9763.108 1 1.109698 0.3813641 0.3028908
100 0.2182 10000 9.413722 9760.227 1 1.117117 0.3976945 0.3092863
100 0.2182 10000 11.43287 9768.656 1 1.094691 0.3938521 0.2845996
100 0.2194 10000 11.23754 9760.72 1 1.082660 0.3906399 0.2938765
100 0.2194 10000 10.60822 9766.281 1 1.098473 0.3715377 0.3071996
100 0.2194 10000 10.37391 9756.797 1 1.130671 0.400191 0.3161671
100 0.2194 10000 13.01406 9766.753 1 1.072875 0.3658071 0.3032283
100 0.2194 10000 12.23168 9769.526 1 1.112859 0.3600764 0.2997694
%n density b b_old lambda lse TP FP 
100 0.3138 1 11.76862 83.87873 6 1.068400 0 0
100 0.3138 1 13.25976 83.7881 7 1.078031 0 0
100 0.3138 1 11.05179 83.84088 7 1.080109 0 0
100 0.3138 1 10.92336 83.85801 7 1.101792 0 0
100 0.3138 1 11.38554 83.83297 7 1.090516 0 0
100 0.3146 1 12.20519 83.88385 7 1.080193 0 0
100 0.3146 1 12.32585 83.86386 7 1.080070 0 0
100 0.3146 1 10.82868 84.04911 7 1.099143 0 0
100 0.3146 1 10.35047 83.97847 6 1.103431 0 0
100 0.3146 1 10.24879 83.94571 7 1.086885 0 0
100 0.3138 1 11.44107 83.76426 7 1.086334 0 0
100 0.3138 1 10.54027 83.96538 6 1.098957 0 0
100 0.3138 1 9.573044 83.92019 6 1.094571 0 0
100 0.3138 1 12.21666 83.81479 6 1.082878 0 0
100 0.3138 1 12.09557 83.95865 7 1.077866 0 0
100 0.3128 1 10.50192 83.79094 7 1.094239 0 0
100 0.3128 1 11.79867 83.87314 6 1.075292 0 0
100 0.3128 1 11.15066 83.91022 6 1.108687 0 0
100 0.3128 1 10.60845 83.83884 7 1.078293 0 0
100 0.3128 1 12.2166 83.83411 7 1.091044 0 0
100 0.3138 1 12.87033 83.74743 7 1.08833 0 0
100 0.3138 1 9.563075 83.7032 6 1.087872 0 0
100 0.3138 1 12.1796 83.68862 6 1.101767 0 0
100 0.3138 1 11.15150 83.89416 6 1.074095 0 0
100 0.3138 1 10.42102 83.89728 7 1.113612 0 0
%n density b b_old lambda lse TP FP 
100 0.3138 10 11.14943 88.14273 7 1.097513 0 0
100 0.3138 10 9.314957 88.25431 6 1.094620 0 0
100 0.3138 10 11.67056 88.22644 6 1.064528 0 0
100 0.3138 10 11.90654 88.18878 7 1.110726 0 0
100 0.3138 10 11.12779 88.26306 6 1.051784 0 0
100 0.3146 10 11.00788 88.1676 7 1.084942 0 0
100 0.3146 10 10.62781 88.1859 7 1.106181 0 0
100 0.3146 10 12.62043 88.10324 7 1.103778 0 0
100 0.3146 10 9.152183 88.13556 7 1.081653 0 0
100 0.3146 10 12.87548 88.12589 7 1.078003 0 0
100 0.3138 10 9.989351 88.16248 6 1.081638 0 0
100 0.3138 10 9.223138 88.14878 7 1.067197 0 0
100 0.3138 10 10.24590 88.2168 7 1.088475 0 0
100 0.3138 10 10.79718 88.34467 7 1.091275 0 0
100 0.3138 10 12.02244 88.11538 7 1.105038 0 0
100 0.3128 10 11.73785 87.96377 7 1.093923 0 0
100 0.3128 10 11.46385 88.32308 7 1.077806 0 0
100 0.3128 10 12.30115 88.1213 7 1.079239 0 0
100 0.3128 10 11.19488 88.21661 6 1.088673 0 0
100 0.3128 10 11.12100 88.1684 6 1.070092 0 0
100 0.3138 10 10.86527 88.1563 7 1.095157 0 0
100 0.3138 10 11.21222 88.0077 6 1.072032 0 0
100 0.3138 10 10.55371 88.19508 7 1.055882 0 0
100 0.3138 10 12.03060 88.2683 7 1.059466 0 0
100 0.3138 10 11.13476 88.16663 7 1.055031 0 0
%n density b b_old lambda lse TP FP 
100 0.3138 100 10.97241 144.2127 7 1.116865 0 0
100 0.3138 100 11.67868 144.1852 7 1.074865 0 0
100 0.3138 100 10.66605 144.0517 6 1.099004 0 0
100 0.3138 100 13.38261 144.1972 6 1.104612 0 0
100 0.3138 100 12.77321 144.0684 6 1.065360 0 0
100 0.3146 100 10.95983 144.2406 6 1.091327 0 0
100 0.3146 100 11.66319 144.0683 6 1.076654 0 0
100 0.3146 100 11.08078 144.0467 6 1.062991 0 0
100 0.3146 100 11.92192 144.2890 6 1.075994 0 0
100 0.3146 100 8.742157 144.1098 6 1.062817 0 0
100 0.3138 100 11.37762 144.3196 6 1.071225 0 0
100 0.3138 100 12.51693 144.1261 6 1.082767 0 0
100 0.3138 100 11.04196 144.1090 6 1.115302 0 0
100 0.3138 100 10.85498 144.1603 7 1.087489 0 0
100 0.3138 100 12.41645 144.1794 7 1.073731 0 0
100 0.3128 100 9.698104 144.2649 7 1.075575 0 0
100 0.3128 100 10.99856 144.0772 6 1.075589 0 0
100 0.3128 100 11.38745 143.9771 7 1.061799 0 0
100 0.3128 100 12.1417 144.0205 7 1.116389 0 0
100 0.3128 100 11.23585 144.3017 6 1.085362 0 0
100 0.3138 100 11.12287 144.0903 7 1.060585 0 0
100 0.3138 100 12.17649 143.9924 7 1.054109 0 0
100 0.3138 100 10.20214 144.0269 6 1.064386 0 0
100 0.3138 100 11.23604 144.0845 6 1.077295 0 0
100 0.3138 100 12.39173 144.2137 7 1.110895 0 0
%n density b b_old lambda lse TP FP 
100 0.3138 200 11.06111 226.2647 6 1.086629 0 0
100 0.3138 200 9.07996 226.3523 6 1.090389 0 0
100 0.3138 200 11.24947 226.2781 6 1.069647 0 0
100 0.3138 200 11.18842 226.3335 6 1.101299 0 0
100 0.3138 200 11.01676 226.2975 6 1.060719 0 0
100 0.3146 200 11.49121 226.3595 6 1.100890 0 0
100 0.3146 200 12.8572 226.3790 6 1.078866 0 0
100 0.3146 200 10.34398 226.3013 6 1.079637 0 0
100 0.3146 200 11.71331 226.3666 6 1.058093 0 0
100 0.3146 200 11.2482 226.4073 6 1.077793 0 0
100 0.3138 200 11.51589 226.3334 6 1.095322 0 0
100 0.3138 200 11.53038 226.3032 6 1.089476 0 0
100 0.3138 200 12.75963 226.4121 6 1.077615 0 0
100 0.3138 200 12.07345 226.4282 6 1.070947 0 0
100 0.3138 200 11.68663 226.3537 6 1.083758 0 0
100 0.3128 200 9.496022 226.2157 6 1.090989 0 0
100 0.3128 200 11.49045 226.3084 6 1.081852 0 0
100 0.3128 200 9.64576 226.3084 6 1.086543 0 0
100 0.3128 200 10.40117 226.2562 6 1.052700 0 0
100 0.3128 200 13.46019 226.3142 6 1.050849 0 0
100 0.3138 200 11.00495 226.2602 6 1.116725 0 0
100 0.3138 200 11.88210 226.3489 6 1.099183 0 0
100 0.3138 200 11.82760 226.3224 6 1.068343 0 0
100 0.3138 200 10.34431 226.3568 6 1.079177 0 0
100 0.3138 200 12.2409 226.2601 6 1.079102 0 0
%n density b b_old lambda lse TP FP 
100 0.3138 1000 11.17203 1005.229 5 1.095251 0 0
100 0.3138 1000 11.77785 1005.231 5 1.069523 0 0
100 0.3138 1000 11.97923 1005.226 5 1.099876 0 0
100 0.3138 1000 9.818173 1005.227 5 1.104466 0 0
100 0.3138 1000 11.91853 1005.231 5 1.085985 0 0
100 0.3146 1000 12.83692 1005.231 5 1.093427 0 0
100 0.3146 1000 13.23393 1005.227 5 1.067291 0 0
100 0.3146 1000 12.32264 1005.228 5 1.068098 0 0
100 0.3146 1000 11.49318 1005.232 5 1.080005 0 0
100 0.3146 1000 11.62625 1005.227 5 1.094224 0 0
100 0.3138 1000 11.76835 1005.235 5 1.090339 0 0
100 0.3138 1000 12.66669 1005.222 5 1.073707 0 0
100 0.3138 1000 12.19285 1005.232 5 1.067650 0 0
100 0.3138 1000 12.6775 1005.228 5 1.114192 0 0
100 0.3138 1000 11.56337 1005.220 5 1.096922 0 0
100 0.3128 1000 13.18074 1005.226 5 1.088018 0 0
100 0.3128 1000 10.96320 1005.224 5 1.091935 0 0
100 0.3128 1000 12.53188 1005.230 5 1.076291 0 0
100 0.3128 1000 10.43376 1005.228 5 1.059779 0 0
100 0.3128 1000 12.18311 1005.227 5 1.090204 0 0
100 0.3138 1000 11.77749 1005.226 5 1.054931 0 0
100 0.3138 1000 11.23451 1005.228 5 1.061410 0 0
100 0.3138 1000 11.86497 1005.226 5 1.066572 0 0
100 0.3138 1000 8.910038 1005.227 5 1.063628 0 0
100 0.3138 1000 10.92307 1005.233 5 1.099444 0 0
%n density b b_old lambda lse TP FP 
100 0.3138 10000 10.23958 9756.011 1 1.140915 0.3946675 0.3022442
100 0.3138 10000 10.95965 9755.503 1 1.124231 0.3620803 0.2865054
100 0.3138 10000 13.10007 9760.585 1 1.102915 0.4121132 0.3025357
100 0.3138 10000 11.20276 9755.878 1 1.133676 0.3811718 0.3082192
100 0.3138 10000 11.09595 9757.938 1 1.118231 0.3897301 0.2975809
100 0.3146 10000 11.41297 9758.454 1 1.115021 0.3755745 0.3053691
100 0.3146 10000 12.52894 9755.838 1 1.133441 0.3749179 0.3116428
100 0.3146 10000 12.11985 9758.092 1 1.135312 0.3900197 0.3119346
100 0.3146 10000 11.31772 9758.12 1 1.123325 0.3644123 0.3058068
100 0.3146 10000 9.564217 9759.83 1 1.108240 0.3479974 0.306974
100 0.3138 10000 10.87017 9758.465 1 1.140481 0.3979592 0.3089478
100 0.3138 10000 10.58231 9758.986 1 1.134739 0.3824885 0.3045759
100 0.3138 10000 10.24516 9753.095 1 1.129813 0.3745885 0.3101137
100 0.3138 10000 11.12051 9759.765 1 1.152410 0.3587887 0.3112795
100 0.3138 10000 11.48244 9761.08 1 1.130604 0.3838051 0.3089478
100 0.3128 10000 11.53649 9760.82 1 1.136444 0.3830911 0.3093714
100 0.3128 10000 11.22440 9761.531 1 1.125733 0.3513871 0.2908906
100 0.3128 10000 11.40466 9760.119 1 1.096580 0.3824306 0.2951106
100 0.3128 10000 10.29674 9754.325 1 1.127647 0.3573316 0.2948196
100 0.3128 10000 11.17081 9762.818 1 1.147807 0.3678996 0.2919092
100 0.3138 10000 11.59802 9756.722 1 1.109818 0.3726136 0.28942
100 0.3138 10000 12.16481 9758.25 1 1.124183 0.3857801 0.3079277
100 0.3138 10000 10.40841 9758.742 1 1.118079 0.3785385 0.2937919
100 0.3138 10000 11.25943 9753.532 1 1.104294 0.3818302 0.3042845
100 0.3138 10000 10.47661 9756.923 1 1.147650 0.3561554 0.3074905
%n density b b_old lambda lse TP FP 
500 0.0614 1 0.06619013 68.66559 6 0.9931963 0 0
500 0.0614 1 0.0633755 68.62629 6 1.000258 0 0
500 0.0614 1 0.06515968 68.90762 6 1.024880 0 0
500 0.0614 1 0.06429099 68.84929 6 1.040105 0 0
500 0.0614 1 0.06594727 68.72858 6 1.010534 0 0
500 0.0612 1 0.06564061 68.82603 6 1.045740 0 0
500 0.0612 1 0.06392945 68.88915 6 1.016404 0 0
500 0.0612 1 0.06265012 69.03768 6 1.018639 0 0
500 0.0612 1 0.06457231 68.65394 6 1.005468 0.0078125 0
500 0.0612 1 0.06311767 68.88587 6 1.055305 0 0
500 0.0616 1 0.06382461 68.78265 6 1.034854 0 0
500 0.0616 1 0.06540593 68.77833 6 1.008055 0 0
500 0.0616 1 0.06413982 68.70191 6 1.018064 0 0
500 0.0616 1 0.06345334 68.8796 6 1.030563 0 0
500 0.0616 1 0.06252983 68.96818 6 1.009361 0 0
500 0.0614 1 0.06412435 68.91979 6 1.012694 0 0
500 0.0614 1 0.06525266 68.88119 6 0.9974048 0 0
500 0.0614 1 0.0641657 68.86224 6 1.019983 0 0
500 0.0614 1 0.06592681 68.88022 6 1.008952 0 0
500 0.0614 1 0.06365953 68.72527 6 1.011448 0 0
500 0.0618 1 0.06375191 69.00136 6 1.023845 0 0
500 0.0618 1 0.06637419 68.94913 6 0.9864856 0 0
500 0.0618 1 0.06225656 68.96248 6 1.015662 0 0
500 0.0618 1 0.06623869 68.82145 6 1.020528 0 0
500 0.0618 1 0.06774041 68.7688 6 1.038428 0 0
%n density b b_old lambda lse TP FP 
500 0.0614 10 0.06482735 71.88647 6 1.009359 0 0
500 0.0614 10 0.06523469 72.02108 6 1.030339 0 0
500 0.0614 10 0.0644905 72.25021 6 1.026740 0 0
500 0.0614 10 0.06328433 72.22161 6 1.015065 0 0
500 0.0614 10 0.06268913 72.26639 6 1.010373 0 0
500 0.0612 10 0.06331153 71.98422 6 1.028924 0 0
500 0.0612 10 0.065572 72.04248 6 1.034841 0 0
500 0.0612 10 0.06462872 72.09091 6 1.024501 0 0
500 0.0612 10 0.06332828 72.07561 6 1.022817 0.00390625 0
500 0.0612 10 0.06624692 72.06268 6 1.025034 0 0
500 0.0616 10 0.06427578 72.17133 6 1.029191 0 0
500 0.0616 10 0.06525218 71.92139 6 1.009516 0 0
500 0.0616 10 0.06440403 72.16142 6 1.018457 0 0
500 0.0616 10 0.06294826 72.03716 6 0.9964358 0 0
500 0.0616 10 0.06611867 71.84188 6 1.02016 0 0
500 0.0614 10 0.06487727 72.11812 6 1.029775 0 0
500 0.0614 10 0.06466691 72.07877 6 1.014500 0 0
500 0.0614 10 0.06239447 72.23456 6 1.019317 0 0
500 0.0614 10 0.06375372 71.91362 6 1.026177 0 0
500 0.0614 10 0.06638113 72.07501 6 1.024955 0 0
500 0.0618 10 0.06301284 72.01925 6 1.029594 0 0
500 0.0618 10 0.06240971 72.11311 6 0.9960134 0 0
500 0.0618 10 0.06442078 71.99772 6 1.034023 0 0
500 0.0618 10 0.06580993 71.9331 6 1.021637 0 0
500 0.0618 10 0.06378941 72.11083 6 0.9923793 0 0
%n density b b_old lambda lse TP FP 
500 0.0614 100 0.06396209 117.8715 6 1.031616 0 0
500 0.0614 100 0.06535335 117.6295 6 1.005968 0 0
500 0.0614 100 0.06311409 117.8556 7 1.03232 0 0
500 0.0614 100 0.0638349 117.5955 6 1.007078 0 0
500 0.0614 100 0.06606862 117.8063 6 1.024994 0 0
500 0.0612 100 0.06375436 117.6103 7 1.026778 0 0
500 0.0612 100 0.06374541 117.9272 6 1.011055 0 0
500 0.0612 100 0.06435856 117.7292 7 1.033674 0 0
500 0.0612 100 0.06390002 117.9084 6 0.9874497 0 0
500 0.0612 100 0.06400645 117.6918 6 0.9957612 0 0
500 0.0616 100 0.06539375 117.3055 7 0.9996437 0 0
500 0.0616 100 0.06363984 117.8791 6 1.017933 0 0
500 0.0616 100 0.06480456 117.8731 6 1.019907 0 0
500 0.0616 100 0.06536915 117.9198 7 1.041964 0 0
500 0.0616 100 0.06426921 117.6967 6 1.030435 0 0
500 0.0614 100 0.06723688 117.6967 6 1.020167 0 0
500 0.0614 100 0.06474088 117.4092 6 1.013865 0 0
500 0.0614 100 0.06517787 117.9088 7 1.011330 0 0
500 0.0614 100 0.06705585 117.6076 7 0.9937107 0 0
500 0.0614 100 0.06314442 118.0634 7 1.011075 0 0
500 0.0618 100 0.06249752 118.0391 6 1.008411 0 0
500 0.0618 100 0.06536639 117.6277 7 1.005658 0 0
500 0.0618 100 0.06334204 117.8881 6 1.030731 0 0
500 0.0618 100 0.06672025 117.2573 6 1.025022 0 0
500 0.0618 100 0.06510666 117.8063 6 1.025487 0 0
%n density b b_old lambda lse TP FP 
500 0.0614 200 0.06579357 195.6053 7 1.012337 0 0
500 0.0614 200 0.06494001 195.8621 7 1.026204 0 0
500 0.0614 200 0.06278644 195.6084 7 1.034790 0 0
500 0.0614 200 0.06515371 196.0280 12 1.036405 0 0
500 0.0614 200 0.0634227 195.601 7 1.011322 0 0
500 0.0612 200 0.0640983 195.7634 7 1.000094 0 0
500 0.0612 200 0.0655242 195.3065 7 1.044075 0 0
500 0.0612 200 0.06349586 195.5106 7 1.001498 0 0
500 0.0612 200 0.0651197 195.5013 7 1.028297 0 0
500 0.0612 200 0.06396437 195.5765 7 1.017234 0 0
500 0.0616 200 0.06382447 195.6751 7 1.000597 0 0
500 0.0616 200 0.06627405 195.3983 7 1.016986 0 0
500 0.0616 200 0.06334077 195.3977 7 0.9942028 0 0
500 0.0616 200 0.06556208 195.6249 7 1.002325 0 0
500 0.0616 200 0.06414765 195.5896 7 1.035730 0 0
500 0.0614 200 0.06443957 195.3195 7 1.016581 0 0
500 0.0614 200 0.06388336 195.6031 7 1.012244 0 0
500 0.0614 200 0.06517644 195.6525 7 1.004677 0 0
500 0.0614 200 0.06488754 195.4893 7 1.024928 0 0
500 0.0614 200 0.06520645 195.4547 7 1.055237 0 0
500 0.0618 200 0.06553981 195.6313 7 1.005879 0 0
500 0.0618 200 0.06405607 195.7682 7 1.007744 0 0
500 0.0618 200 0.06471878 195.6841 7 1.030981 0 0
500 0.0618 200 0.06546414 195.5575 7 1.022476 0 0
500 0.0618 200 0.06286545 195.6369 7 0.9826281 0 0
%n density b b_old lambda lse TP FP 
500 0.0614 1000 0.06386781 990.0194 5 1.033162 0 0
500 0.0614 1000 0.0626128 990.0302 5 1.027345 0 0
500 0.0614 1000 0.06526574 990.0062 5 0.9902487 0 0
500 0.0614 1000 0.0637261 990.0287 5 1.024846 0 0
500 0.0614 1000 0.06409448 990.0178 5 1.014423 0 0
500 0.0612 1000 0.06318511 989.985 5 1.001499 0 0
500 0.0612 1000 0.06532706 990.0108 5 1.063805 0 0
500 0.0612 1000 0.06506017 989.986 5 0.9981142 0 0
500 0.0612 1000 0.0650694 990.0217 5 1.048744 0 0
500 0.0612 1000 0.06374503 990.032 5 1.021517 0 0
500 0.0616 1000 0.06378052 990.031 5 1.008163 0 0
500 0.0616 1000 0.06557041 990.0222 5 1.007580 0 0
500 0.0616 1000 0.06541093 990.014 5 1.014748 0 0
500 0.0616 1000 0.06459256 989.9957 5 1.003720 0 0
500 0.0616 1000 0.06552464 990.0028 5 1.042115 0 0
500 0.0614 1000 0.06394882 989.9927 5 0.9999467 0 0
500 0.0614 1000 0.06635482 989.98 5 1.001700 0 0
500 0.0614 1000 0.06576043 990.0001 5 0.9784084 0 0
500 0.0614 1000 0.06485422 990.0025 5 1.023749 0 0
500 0.0614 1000 0.06440692 990.0179 5 1.021076 0 0
500 0.0618 1000 0.0650237 990.0421 5 1.012826 0 0
500 0.0618 1000 0.0646936 990.015 5 1.023871 0 0
500 0.0618 1000 0.0644443 990.0304 5 1.053432 0 0
500 0.0618 1000 0.06530451 990.0422 5 1.034344 0 0
500 0.0618 1000 0.0660806 990.0141 5 1.046022 0 0
%n density b b_old lambda lse TP FP 
500 0.0614 10000 0.06563036 9688.165 1 1.094886 0.8015564 0.636906
500 0.0614 10000 0.06630152 9698.098 1 1.055520 0.8054475 0.6288089
500 0.0614 10000 0.06366412 9699.913 1 1.100795 0.8171206 0.6320051
500 0.0614 10000 0.06707265 9690.419 1 1.077158 0.8249027 0.621351
500 0.0614 10000 0.06345748 9700.303 1 1.077127 0.7898833 0.6326444
500 0.0612 10000 0.06714639 9689.953 1 1.089410 0.8046875 0.635066
500 0.0612 10000 0.06519427 9692.094 1 1.054684 0.8398438 0.6391138
500 0.0612 10000 0.06295574 9702.728 1 1.076127 0.8125 0.6320835
500 0.0612 10000 0.06473259 9694.252 1 1.082033 0.828125 0.628888
500 0.0612 10000 0.06605019 9691.667 1 1.074593 0.8242188 0.6427354
500 0.0616 10000 0.06415645 9696.24 1 1.066302 0.868217 0.6325661
500 0.0616 10000 0.06362395 9696.92 1 1.100764 0.7790698 0.6283035
500 0.0616 10000 0.06504926 9693.475 1 1.066748 0.8372093 0.6349105
500 0.0616 10000 0.0642148 9696.68 1 1.046307 0.8178295 0.632353
500 0.0616 10000 0.06397476 9698.733 1 1.085802 0.8062016 0.6370418
500 0.0614 10000 0.06396067 9694.934 1 1.038333 0.8171206 0.6298743
500 0.0614 10000 0.0642242 9695.864 1 1.055201 0.8210117 0.6383976
500 0.0614 10000 0.06604698 9692.561 1 1.052594 0.8287938 0.6332836
500 0.0614 10000 0.06504071 9693.935 1 1.066099 0.8326848 0.6371191
500 0.0614 10000 0.06337931 9699.44 1 1.074721 0.8171206 0.6247603
500 0.0618 10000 0.06464928 9691.653 1 1.107134 0.8223938 0.6318482
500 0.0618 10000 0.06365259 9699.563 1 1.087425 0.7915058 0.6277979
500 0.0618 10000 0.06548746 9693.067 1 1.060719 0.8571429 0.6361117
500 0.0618 10000 0.06511365 9688.034 1 1.044895 0.8108108 0.6368578
500 0.0618 10000 0.0646053 9693.848 1 1.064647 0.8455598 0.6329141
%n density b b_old lambda lse TP FP 
500 0.2188 1 0.07408537 69.60098 6 1.061305 0 0
500 0.2188 1 0.07632962 69.72554 6 1.052820 0 0
500 0.2188 1 0.07488565 69.74752 6 1.073446 0 0
500 0.2188 1 0.07393196 69.65929 6 1.086974 0 0
500 0.2188 1 0.07056809 69.54024 6 1.081810 0 0
500 0.2196 1 0.0747839 69.50491 6 1.070497 0 0
500 0.2196 1 0.07130975 69.78829 6 1.028496 0 0
500 0.2196 1 0.07351989 69.64873 6 1.084382 0 0
500 0.2196 1 0.07378825 70.07788 6 1.043567 0 0
500 0.2196 1 0.07358417 69.65749 6 1.060313 0 0
500 0.219 1 0.07491931 69.52013 6 1.052522 0 0
500 0.219 1 0.07320242 69.60926 6 1.056567 0 0
500 0.219 1 0.07344493 69.6396 6 1.059685 0 0
500 0.219 1 0.07263564 69.28323 6 1.068079 0 0
500 0.219 1 0.07441127 69.69101 6 1.039349 0 0
500 0.2182 1 0.07628241 69.80284 6 1.059142 0.0009606148 0
500 0.2182 1 0.07470422 69.58239 6 1.051696 0 0
500 0.2182 1 0.07347899 69.4925 6 1.047159 0 0
500 0.2182 1 0.07402673 69.56268 6 1.050631 0 0
500 0.2182 1 0.07235608 69.76383 6 1.064838 0 0
500 0.2194 1 0.07321662 69.81216 6 1.058534 0 0
500 0.2194 1 0.07379604 69.90118 6 1.09285 0 0
500 0.2194 1 0.07359203 69.84552 6 1.097288 0 0
500 0.2194 1 0.07345118 69.47393 6 1.056683 0 0
500 0.2194 1 0.07249893 69.7194 6 1.047985 0 0
%n density b b_old lambda lse TP FP 
500 0.2188 10 0.07360724 72.7593 6 1.068622 0 0
500 0.2188 10 0.07393907 72.46235 6 1.083312 0 0
500 0.2188 10 0.07431355 73.01166 6 1.057576 0 0
500 0.2188 10 0.072774 72.94662 6 1.061456 0 0
500 0.2188 10 0.07163842 72.92663 6 1.094870 0 0
500 0.2196 10 0.07431954 72.92403 6 1.028914 0 0
500 0.2196 10 0.07423557 72.85394 6 1.068317 0.0009541985 0
500 0.2196 10 0.07172563 72.94035 6 1.055258 0 0
500 0.2196 10 0.07181468 73.00303 6 1.073715 0.0009541985 0
500 0.2196 10 0.07276621 73.16624 6 1.094352 0 0
500 0.219 10 0.07388632 72.94565 6 1.098199 0 0
500 0.219 10 0.07284566 72.89483 6 1.046451 0 0
500 0.219 10 0.07377527 72.7806 6 1.047607 0 0
500 0.219 10 0.07463645 72.8101 6 1.093317 0 0
500 0.219 10 0.07019757 73.26538 6 1.052352 0 0
500 0.2182 10 0.07404058 72.98742 6 1.050303 0 0
500 0.2182 10 0.07609398 73.22083 6 1.075321 0 0
500 0.2182 10 0.07138197 72.94185 6 1.041985 0 0
500 0.2182 10 0.07487305 72.45763 6 1.069616 0 0
500 0.2182 10 0.07383306 73.06138 6 1.086163 0 0
500 0.2194 10 0.07423763 72.81952 6 1.046341 0 0
500 0.2194 10 0.07665783 72.79343 6 1.054725 0 0
500 0.2194 10 0.07330428 72.7448 6 1.068816 0 0
500 0.2194 10 0.07271475 73.01292 6 1.065029 0 0
500 0.2194 10 0.07323602 73.34411 6 1.053455 0 0
%n density b b_old lambda lse TP FP 
500 0.2188 100 0.07695523 118.5558 7 1.067885 0 0
500 0.2188 100 0.07112776 119.1347 7 1.044316 0 0
500 0.2188 100 0.07383682 119.0406 7 1.052569 0 0
500 0.2188 100 0.07717608 118.7499 7 1.045704 0 0
500 0.2188 100 0.07262251 118.7002 7 1.047021 0 0
500 0.2196 100 0.07426011 118.8408 7 1.065335 0 0
500 0.2196 100 0.07404583 118.8822 7 1.075321 0 0
500 0.2196 100 0.07182276 118.8945 7 1.043013 0 0
500 0.2196 100 0.07546672 118.9927 7 1.058224 0 0
500 0.2196 100 0.07690695 118.8393 7 1.035488 0 0
500 0.219 100 0.0721159 118.9462 7 1.028515 0 0
500 0.219 100 0.07561808 119.0527 7 1.063359 0 0
500 0.219 100 0.07387241 118.7197 10 1.056542 0 0
500 0.219 100 0.0728521 118.9325 7 1.044834 0 0
500 0.219 100 0.07481126 118.8898 10 1.070448 0 0
500 0.2182 100 0.07479405 118.7607 9 1.078292 0 0
500 0.2182 100 0.07404932 119.1917 7 1.051360 0 0
500 0.2182 100 0.07480509 118.6588 7 1.052924 0 0
500 0.2182 100 0.07463175 118.6930 7 1.032804 0 0
500 0.2182 100 0.07429256 118.8369 7 1.084336 0 0
500 0.2194 100 0.07572101 119.2654 7 1.059069 0 0
500 0.2194 100 0.07246126 118.7705 7 1.047760 0 0
500 0.2194 100 0.07221582 119.0689 7 1.104503 0 0
500 0.2194 100 0.07192297 118.6606 7 1.076316 0 0
500 0.2194 100 0.07312717 118.8560 7 1.047062 0 0
%n density b b_old lambda lse TP FP 
500 0.2188 200 0.07381823 196.8054 7 1.065263 0 0
500 0.2188 200 0.07511684 196.5409 7 1.099419 0 0
500 0.2188 200 0.07299645 196.4669 9 1.062074 0 0
500 0.2188 200 0.07392777 196.6732 7 1.089268 0 0
500 0.2188 200 0.07285823 196.6258 7 1.059186 0 0
500 0.2196 200 0.07367727 196.7366 7 1.041734 0 0
500 0.2196 200 0.07402152 196.8294 9 1.079459 0 0
500 0.2196 200 0.07354732 196.5658 7 1.068757 0 0
500 0.2196 200 0.07382069 196.7048 7 1.036443 0 0
500 0.2196 200 0.07585149 196.6438 7 1.037934 0 0
500 0.219 200 0.07289187 196.6230 10 1.048132 0 0
500 0.219 200 0.07277474 196.6198 9 1.050542 0 0
500 0.219 200 0.07558306 196.531 7 1.070621 0 0
500 0.219 200 0.0739504 196.6227 7 1.083882 0 0
500 0.219 200 0.07488523 196.7118 7 1.076172 0 0
500 0.2182 200 0.07367862 196.6525 7 1.052098 0 0
500 0.2182 200 0.074382 196.827 7 1.054605 0 0
500 0.2182 200 0.0739347 196.7509 7 1.045627 0 0
500 0.2182 200 0.07199323 196.5132 9 1.058660 0 0
500 0.2182 200 0.07726674 196.5611 9 1.057433 0 0
500 0.2194 200 0.07477055 196.6474 11 1.077270 0 0
500 0.2194 200 0.07466738 196.4777 7 1.043726 0 0
500 0.2194 200 0.07297286 196.943 7 1.057437 0 0
500 0.2194 200 0.06987607 197.3132 7 1.062115 0 0
500 0.2194 200 0.07273627 196.9473 7 1.064206 0 0
%n density b b_old lambda lse TP FP 
500 0.2188 1000 0.07257928 990.1553 5 1.097874 0 0
500 0.2188 1000 0.0748243 990.2365 5 1.063793 0 0
500 0.2188 1000 0.07491764 990.1477 5 1.056241 0 0
500 0.2188 1000 0.07209661 990.1718 5 1.078572 0 0
500 0.2188 1000 0.0722817 990.2167 5 1.075043 0 0
500 0.2196 1000 0.07443838 990.2672 5 1.053374 0 0
500 0.2196 1000 0.07207363 990.2236 5 1.063105 0 0
500 0.2196 1000 0.07342333 990.188 5 1.090096 0 0
500 0.2196 1000 0.07350637 990.1802 5 1.073681 0 0
500 0.2196 1000 0.07180934 990.1968 5 1.046954 0 0
500 0.219 1000 0.07302651 990.2095 5 1.067067 0 0
500 0.219 1000 0.07462343 990.1981 5 1.047437 0 0
500 0.219 1000 0.0744333 990.2152 5 1.034468 0 0
500 0.219 1000 0.07544563 990.1319 5 1.054034 0 0
500 0.219 1000 0.07289665 990.1543 5 1.061796 0 0
500 0.2182 1000 0.07764449 990.1753 5 1.048562 0 0
500 0.2182 1000 0.07186415 990.2267 5 1.085713 0 0
500 0.2182 1000 0.07364508 990.1584 5 1.076517 0 0
500 0.2182 1000 0.07524143 990.1744 5 1.053974 0 0
500 0.2182 1000 0.07359208 990.1736 5 1.043294 0 0
500 0.2194 1000 0.07327241 990.2208 5 1.070465 0 0
500 0.2194 1000 0.07326655 990.2085 5 1.044691 0 0
500 0.2194 1000 0.0726721 990.2014 5 1.093742 0 0
500 0.2194 1000 0.07305024 990.2048 5 1.057135 0 0
500 0.2194 1000 0.0742895 990.2257 5 1.088374 0 0
%n density b b_old lambda lse TP FP 
500 0.2188 10000 0.072631 9659.25 1 1.079269 0.8007663 0.640809
500 0.2188 10000 0.071536 9657.75 1 1.067517 0.8007663 0.6382488
500 0.2188 10000 0.07454372 9654.669 1 1.064826 0.802682 0.6367127
500 0.2188 10000 0.07396705 9651.52 1 1.081167 0.7978927 0.6390169
500 0.2188 10000 0.07319723 9659.525 1 1.070114 0.7873563 0.655402
500 0.2196 10000 0.07492663 9653.46 1 1.076814 0.8177481 0.636084
500 0.2196 10000 0.071316 9660.25 1 1.032014 0.8005725 0.632368
500 0.2196 10000 0.07202942 9659.427 1 1.049697 0.8091603 0.6273706
500 0.2196 10000 0.07362574 9654.09 1 1.067302 0.7843511 0.6353152
500 0.2196 10000 0.07161483 9658.572 1 1.071097 0.8043893 0.6447975
500 0.219 10000 0.07272178 9659.616 1 1.072260 0.7904306 0.6271447
500 0.219 10000 0.0726343 9658.667 1 1.047352 0.8124402 0.634315
500 0.219 10000 0.07251085 9660.467 1 1.059391 0.800957 0.6348271
500 0.219 10000 0.07454093 9661.438 1 1.075085 0.7866029 0.6291933
500 0.219 10000 0.07320365 9654.622 1 1.046597 0.8076555 0.6279129
500 0.2182 10000 0.07746618 9649.25 1 1.021368 0.8270893 0.6254797
500 0.2182 10000 0.07170655 9660.863 1 1.063834 0.7896254 0.6308519
500 0.2182 10000 0.07424783 9655.985 1 1.045443 0.778098 0.629317
500 0.2182 10000 0.0739907 9651.691 1 1.045031 0.803074 0.6444103
500 0.2182 10000 0.0754567 9651.983 1 1.070505 0.8136407 0.6395498
500 0.2194 10000 0.07338997 9653.221 1 1.064029 0.8042025 0.6341276
500 0.2194 10000 0.07371026 9661.728 1 1.065743 0.817574 0.63464
500 0.2194 10000 0.07154679 9659.646 1 1.054185 0.791786 0.641814
500 0.2194 10000 0.07211117 9658.72 1 1.049207 0.8013372 0.6315655
500 0.2194 10000 0.07467768 9650.101 1 1.065181 0.8185291 0.6446323
%n density b b_old lambda lse TP FP 
500 0.3138 1 0.08197102 69.70999 6 1.096244 0.0006583278 0
500 0.3138 1 0.0794312 70.46369 6 1.080515 0 0
500 0.3138 1 0.08115965 70.01717 6 1.105345 0 0
500 0.3138 1 0.0798749 70.16055 6 1.102076 0 0
500 0.3138 1 0.07868046 70.12116 6 1.062357 0 0
500 0.3146 1 0.0779297 70.13693 6 1.109160 0 0
500 0.3146 1 0.07879648 70.235 6 1.084396 0.001313198 0
500 0.3146 1 0.07982878 70.28648 6 1.077514 0 0
500 0.3146 1 0.0804181 70.08072 6 1.077994 0.0006565988 0
500 0.3146 1 0.08031506 70.05948 6 1.080829 0 0
500 0.3138 1 0.0836554 69.90711 6 1.076072 0 0
500 0.3138 1 0.07811621 70.0077 6 1.069744 0 0
500 0.3138 1 0.08128198 70.35635 6 1.089602 0.0006583278 0
500 0.3138 1 0.0797651 70.22967 6 1.09247 0.0006583278 0
500 0.3138 1 0.07964783 70.22643 6 1.092663 0.0006583278 0
500 0.3128 1 0.08178152 69.96065 6 1.115929 0.000660502 0
500 0.3128 1 0.07992803 70.04937 6 1.095461 0 0
500 0.3128 1 0.08239743 69.81472 6 1.059095 0 0
500 0.3128 1 0.07823704 69.87805 6 1.099347 0 0
500 0.3128 1 0.08345532 69.84667 6 1.044219 0 0
500 0.3138 1 0.08119674 69.99573 6 1.068939 0 0
500 0.3138 1 0.08403937 69.88218 6 1.091696 0 0
500 0.3138 1 0.0792584 69.83494 6 1.084898 0.0006583278 0
500 0.3138 1 0.07982898 70.11117 6 1.085448 0.0006583278 0
500 0.3138 1 0.07862709 70.075 6 1.098022 0 0
%n density b b_old lambda lse TP FP 
500 0.3138 10 0.07903275 73.343 6 1.093902 0 0
500 0.3138 10 0.08009405 73.52332 6 1.108937 0 0
500 0.3138 10 0.08079939 73.3162 6 1.069117 0 0
500 0.3138 10 0.08376278 73.1448 6 1.084984 0 0
500 0.3138 10 0.08093205 73.66462 6 1.102013 0 0
500 0.3146 10 0.07953425 73.54758 6 1.099210 0 0
500 0.3146 10 0.08086789 73.19526 6 1.105478 0 0
500 0.3146 10 0.08144718 73.50214 6 1.083839 0 0
500 0.3146 10 0.07864758 73.46207 6 1.120019 0 0
500 0.3146 10 0.08077588 73.46863 6 1.091505 0 0
500 0.3138 10 0.0861112 73.4136 6 1.05823 0 0
500 0.3138 10 0.0797802 73.54474 6 1.088748 0 0
500 0.3138 10 0.08204663 73.62318 6 1.079486 0 0
500 0.3138 10 0.08176856 73.65621 6 1.088160 0 0
500 0.3138 10 0.08033355 73.12413 6 1.083523 0 0
500 0.3128 10 0.07753245 73.22069 6 1.089431 0 0
500 0.3128 10 0.08100533 73.34149 6 1.097183 0 0
500 0.3128 10 0.08477771 73.3441 6 1.099194 0 0
500 0.3128 10 0.07748173 73.55726 6 1.078614 0 0
500 0.3128 10 0.07893242 73.04062 6 1.088827 0 0
500 0.3138 10 0.07997945 73.10964 6 1.084276 0 0
500 0.3138 10 0.08306222 73.3791 6 1.070714 0 0
500 0.3138 10 0.07761626 73.34803 6 1.062262 0 0
500 0.3138 10 0.08023154 73.14045 6 1.090059 0 0
500 0.3138 10 0.08082126 73.47262 6 1.097242 0 0
%n density b b_old lambda lse TP FP 
500 0.3138 100 0.08118229 119.4445 7 1.108861 0 0
500 0.3138 100 0.08270113 119.4776 13 1.105817 0 0
500 0.3138 100 0.07875898 119.4773 7 1.094038 0 0
500 0.3138 100 0.07964458 119.2502 7 1.065557 0 0
500 0.3138 100 0.08177587 119.3169 7 1.111813 0 0
500 0.3146 100 0.08248707 119.4786 7 1.093135 0 0
500 0.3146 100 0.07810974 119.4296 7 1.090323 0 0
500 0.3146 100 0.07752998 119.5961 7 1.080571 0 0
500 0.3146 100 0.07844866 119.5854 7 1.072714 0 0
500 0.3146 100 0.07822567 119.5495 7 1.090429 0 0
500 0.3138 100 0.0855343 119.3805 7 1.075529 0 0
500 0.3138 100 0.07733297 119.2985 7 1.057295 0 0
500 0.3138 100 0.07768323 119.8526 7 1.083727 0 0
500 0.3138 100 0.07885938 119.4674 7 1.071055 0 0
500 0.3138 100 0.07820447 119.0852 10 1.085516 0 0
500 0.3128 100 0.07714132 119.3689 7 1.070514 0 0
500 0.3128 100 0.0797549 119.2345 7 1.079264 0 0
500 0.3128 100 0.08091395 119.3687 7 1.060268 0 0
500 0.3128 100 0.07864955 119.3519 7 1.091022 0 0
500 0.3128 100 0.08053964 119.0844 7 1.056124 0 0
500 0.3138 100 0.08110371 119.6298 7 1.079311 0 0
500 0.3138 100 0.08241258 119.4789 7 1.091473 0 0
500 0.3138 100 0.07805264 119.0139 7 1.082353 0 0
500 0.3138 100 0.08196982 119.2790 7 1.065431 0 0
500 0.3138 100 0.0803016 119.5272 7 1.104397 0 0
%n density b b_old lambda lse TP FP 
500 0.3138 200 0.08071357 196.7666 7 1.089321 0 0
500 0.3138 200 0.08256433 197.3339 7 1.105753 0 0
500 0.3138 200 0.07916454 197.2623 7 1.095963 0 0
500 0.3138 200 0.08109486 197.2050 7 1.068778 0 0
500 0.3138 200 0.07679052 197.5968 7 1.088809 0 0
500 0.3146 200 0.0807224 197.2509 7 1.104075 0 0
500 0.3146 200 0.07812669 197.2658 7 1.050579 0 0
500 0.3146 200 0.07957771 197.1714 7 1.083285 0 0
500 0.3146 200 0.07835251 197.1617 7 1.080887 0 0
500 0.3146 200 0.07854304 197.1438 7 1.094829 0 0
500 0.3138 200 0.08695359 197.3397 7 1.094762 0 0
500 0.3138 200 0.07960098 196.9141 7 1.081224 0 0
500 0.3138 200 0.07914115 197.7019 7 1.083270 0 0
500 0.3138 200 0.08350703 197.2964 7 1.090150 0 0
500 0.3138 200 0.0795379 197.3587 7 1.064991 0 0
500 0.3128 200 0.07870315 197.0451 7 1.094072 0 0
500 0.3128 200 0.07849036 197.2320 7 1.047699 0 0
500 0.3128 200 0.08154673 196.8983 7 1.065136 0 0
500 0.3128 200 0.07977548 197.3739 7 1.077085 0 0
500 0.3128 200 0.08622867 196.8779 7 1.071778 0 0
500 0.3138 200 0.07789391 197.2128 7 1.070404 0 0
500 0.3138 200 0.08232782 197.2828 7 1.060332 0 0
500 0.3138 200 0.08028892 197.1162 7 1.076116 0 0
500 0.3138 200 0.08125926 196.9748 10 1.044204 0 0
500 0.3138 200 0.07962788 197.4713 7 1.072579 0 0
%n density b b_old lambda lse TP FP 
500 0.3138 1000 0.08063662 990.2745 5 1.087346 0 0
500 0.3138 1000 0.07780938 990.295 5 1.106987 0 0
500 0.3138 1000 0.07919007 990.2463 5 1.100079 0 0
500 0.3138 1000 0.08239117 990.307 5 1.074819 0 0
500 0.3138 1000 0.07935706 990.2752 5 1.097268 0 0
500 0.3146 1000 0.07906692 990.3057 5 1.085005 0 0
500 0.3146 1000 0.07935129 990.2805 5 1.045918 0 0
500 0.3146 1000 0.0781711 990.2664 5 1.095098 0 0
500 0.3146 1000 0.08007192 990.267 5 1.083317 0 0
500 0.3146 1000 0.0794603 990.237 5 1.103247 0 0
500 0.3138 1000 0.08541063 990.2594 5 1.092829 0 0
500 0.3138 1000 0.07858903 990.2606 5 1.098595 0 0
500 0.3138 1000 0.0783611 990.3062 5 1.087128 0 0
500 0.3138 1000 0.08174196 990.2811 5 1.064024 0 0
500 0.3138 1000 0.0766366 990.286 5 1.071403 0 0
500 0.3128 1000 0.07896784 990.3189 5 1.084653 0 0
500 0.3128 1000 0.0788861 990.2913 5 1.110778 0 0
500 0.3128 1000 0.07799504 990.278 5 1.062322 0 0
500 0.3128 1000 0.0799559 990.2454 5 1.070113 0 0
500 0.3128 1000 0.08048324 990.2224 5 1.040923 0 0
500 0.3138 1000 0.0803025 990.2548 5 1.066496 0 0
500 0.3138 1000 0.07933734 990.309 5 1.075065 0 0
500 0.3138 1000 0.0769666 990.2473 5 1.081609 0 0
500 0.3138 1000 0.07761965 990.2373 5 1.064367 0 0
500 0.3138 1000 0.07913144 990.294 5 1.060896 0 0
%n density b b_old lambda lse TP FP 
500 0.3138 10000 0.08026405 9635.362 1 1.076396 0.7801185 0.6452929
500 0.3138 10000 0.08720708 9625.237 1 1.045856 0.8044766 0.6350918
500 0.3138 10000 0.07864917 9633.965 1 1.035509 0.7978934 0.6438356
500 0.3138 10000 0.07804973 9636.194 1 1.032446 0.8057933 0.6403381
500 0.3138 10000 0.08077845 9628.29 1 1.042883 0.7893351 0.6581172
500 0.3146 10000 0.0792739 9633.153 1 1.050504 0.8023638 0.6434199
500 0.3146 10000 0.07843702 9633.093 1 1.056476 0.7964544 0.6399183
500 0.3146 10000 0.08254146 9624.556 1 1.053004 0.8043336 0.6494018
500 0.3146 10000 0.07733884 9637.08 1 1.042352 0.797111 0.6512985
500 0.3146 10000 0.07995755 9635.023 1 1.015543 0.7990808 0.6419609
500 0.3138 10000 0.08220782 9633.876 1 1.034163 0.7965767 0.6394637
500 0.3138 10000 0.08078887 9636.7 1 1.001803 0.7814352 0.656077
500 0.3138 10000 0.07983049 9630.27 1 1.040998 0.7985517 0.6374235
500 0.3138 10000 0.082295 9629.438 1 1.039427 0.7781435 0.6489362
500 0.3138 10000 0.0822515 9632.615 1 1.026414 0.805135 0.6254736
500 0.3128 10000 0.07790484 9635.345 1 1.037794 0.7790621 0.6309662
500 0.3128 10000 0.08128997 9637.793 1 1.076048 0.7846764 0.6167055
500 0.3128 10000 0.08371942 9624.357 1 1.023222 0.813078 0.6239814
500 0.3128 10000 0.08147294 9632.277 1 1.010270 0.7866579 0.6309662
500 0.3128 10000 0.0819882 9624.769 1 0.997034 0.7939234 0.6440629
500 0.3138 10000 0.08076658 9626.44 1 1.067936 0.7899934 0.6540367
500 0.3138 10000 0.0846498 9621.088 1 1.044516 0.7926267 0.6324687
500 0.3138 10000 0.0801288 9635.218 1 1.007177 0.766952 0.6423783
500 0.3138 10000 0.0808024 9633.465 1 1.054094 0.7827518 0.6396094
500 0.3138 10000 0.08246069 9630.73 1 1.020771 0.7847268 0.6324687
