%n density  glcalls lse TP FP 
30 0.0614 11 1.215681 0.2918288 0.2867036
30 0.0614 11 1.207910 0.3307393 0.2941615
30 0.0614 12 1.201344 0.3424125 0.296612
30 0.0614 7 1.175705 0.2879377 0.2908587
30 0.0614 12 1.205506 0.3657588 0.2884083
30 0.0612 11 1.148153 0.3007812 0.280784
30 0.0612 10 1.185261 0.375 0.2967618
30 0.0612 12 1.176650 0.3515625 0.2927141
30 0.0612 8 1.146842 0.3085938 0.2754580
30 0.0612 10 1.196335 0.3632812 0.3010226
30 0.0616 10 1.208587 0.3449612 0.2981671
30 0.0616 7 1.206269 0.3217054 0.2917732
30 0.0616 12 1.181920 0.3333333 0.3090367
30 0.0616 10 1.172328 0.2829457 0.2900682
30 0.0616 11 1.202233 0.3217054 0.2849531
30 0.0614 6 1.201596 0.3735409 0.3019391
30 0.0614 7 1.185347 0.2879377 0.3053484
30 0.0614 14 1.183318 0.3501946 0.2906456
30 0.0614 7 1.204945 0.3229572 0.2993821
30 0.0614 8 1.212409 0.3151751 0.2925634
30 0.0618 12 1.201222 0.2972973 0.2830953
30 0.0618 11 1.189367 0.3088803 0.2988702
30 0.0618 9 1.18692 0.3127413 0.2960989
30 0.0618 12 1.184381 0.3513514 0.2931145
30 0.0618 10 1.212690 0.2895753 0.2920486
30 0.2188 12 1.206936 0.3457854 0.312852
30 0.2188 12 1.227292 0.3285441 0.3079877
30 0.2188 10 1.253048 0.3074713 0.2875064
30 0.2188 10 1.215645 0.3074713 0.2910906
30 0.2188 7 1.281926 0.3065134 0.2954429
30 0.2196 10 1.209081 0.3511450 0.3018965
30 0.2196 10 1.256276 0.3425573 0.3003588
30 0.2196 8 1.213921 0.3282443 0.2921579
30 0.2196 8 1.266072 0.3301527 0.3059969
30 0.2196 11 1.238791 0.3005725 0.3083034
30 0.219 12 1.208022 0.3253589 0.2850192
30 0.219 12 1.268627 0.3004785 0.3026889
30 0.219 8 1.236513 0.2928230 0.293726
30 0.219 11 1.263188 0.3215311 0.3046095
30 0.219 13 1.238826 0.308134 0.2927017
30 0.2182 14 1.217878 0.376561 0.311077
30 0.2182 12 1.225597 0.3784822 0.2945766
30 0.2182 13 1.266901 0.3093180 0.3054490
30 0.2182 7 1.221482 0.3285303 0.298286
30 0.2182 10 1.294719 0.3073967 0.3039140
30 0.2194 13 1.231234 0.3361987 0.2925954
30 0.2194 11 1.245921 0.3094556 0.2887522
30 0.2194 11 1.233818 0.3228271 0.2910582
30 0.2194 13 1.241139 0.3228271 0.2949014
30 0.2194 10 1.236231 0.3338109 0.3079682
30 0.3138 12 1.245354 0.3034891 0.2847566
30 0.3138 7 1.247091 0.3317972 0.2882542
30 0.3138 8 1.271508 0.3298223 0.28942
30 0.3138 7 1.246435 0.3443055 0.2967065
30 0.3138 8 1.215299 0.3350889 0.3045759
30 0.3146 7 1.261531 0.3204202 0.2954479
30 0.3146 10 1.271685 0.3374918 0.2904873
30 0.3146 11 1.225383 0.3276428 0.2896119
30 0.3146 12 1.278498 0.3207485 0.2990954
30 0.3146 12 1.277371 0.3138542 0.301138
30 0.3138 12 1.285350 0.3482554 0.3051588
30 0.3138 10 1.252331 0.2942725 0.2964150
30 0.3138 12 1.267446 0.3291639 0.2943748
30 0.3138 11 1.264747 0.3324556 0.2911688
30 0.3138 13 1.299234 0.3258723 0.318566
30 0.3128 11 1.218942 0.3210040 0.2965658
30 0.3128 10 1.208503 0.3018494 0.2965658
30 0.3128 11 1.211388 0.3295905 0.2875437
30 0.3128 12 1.251814 0.2916116 0.2948196
30 0.3128 12 1.26262 0.3309115 0.2942375
30 0.3138 11 1.260623 0.3153390 0.2984553
30 0.3138 12 1.264686 0.3238973 0.2991839
30 0.3138 12 1.264625 0.3107307 0.2824249
30 0.3138 13 1.238170 0.3387097 0.3004955
30 0.3138 10 1.2357 0.3222515 0.3010784
50 0.0614 13 1.267652 0.4280156 0.4246750
50 0.0614 11 1.244701 0.4980545 0.4238227
50 0.0614 12 1.220286 0.4844358 0.424462
50 0.0614 6 1.264589 0.5136187 0.4172171
50 0.0614 7 1.242762 0.4747082 0.4368208
50 0.0612 7 1.210234 0.46875 0.4192586
50 0.0612 13 1.264432 0.5117188 0.4218151
50 0.0612 6 1.242898 0.484375 0.4236259
50 0.0612 7 1.234869 0.4648438 0.4184065
50 0.0612 15 1.268168 0.46875 0.4275671
50 0.0616 7 1.243452 0.4302326 0.4268968
50 0.0616 7 1.285194 0.4844961 0.4279625
50 0.0616 15 1.261651 0.4418605 0.4146419
50 0.0616 6 1.279081 0.4224806 0.413896
50 0.0616 7 1.238471 0.4573643 0.4158142
50 0.0614 7 1.265080 0.5097276 0.4259535
50 0.0614 7 1.214320 0.4163424 0.4206265
50 0.0614 7 1.230457 0.5058366 0.4221180
50 0.0614 11 1.239969 0.4785992 0.4146601
50 0.0614 7 1.262983 0.459144 0.4255274
50 0.0618 8 1.280010 0.4401544 0.4206992
50 0.0618 7 1.246325 0.4864865 0.4297591
50 0.0618 13 1.263849 0.4594595 0.4127052
50 0.0618 7 1.202990 0.4864865 0.4242166
50 0.0618 11 1.221592 0.4633205 0.425922
50 0.2188 11 1.297758 0.4444444 0.4234511
50 0.2188 13 1.297724 0.4521073 0.4329237
50 0.2188 7 1.294765 0.4425287 0.4338198
50 0.2188 7 1.255282 0.5 0.4229391
50 0.2188 7 1.248070 0.4396552 0.4257552
50 0.2196 6 1.250716 0.4427481 0.4187596
50 0.2196 7 1.299630 0.4599237 0.4260636
50 0.2196 7 1.246479 0.4570611 0.4115838
50 0.2196 7 1.277223 0.4522901 0.4177345
50 0.2196 7 1.255051 0.4503817 0.415428
50 0.219 7 1.259938 0.4545455 0.4266325
50 0.219 12 1.261005 0.4564593 0.4248399
50 0.219 7 1.268836 0.4583732 0.4303457
50 0.219 13 1.272653 0.4660287 0.4180538
50 0.219 11 1.257056 0.4784689 0.4151088
50 0.2182 7 1.250049 0.4601345 0.4222307
50 0.2182 7 1.209337 0.4774256 0.4410335
50 0.2182 8 1.250651 0.4716619 0.4215912
50 0.2182 10 1.258819 0.4668588 0.4169864
50 0.2182 7 1.251984 0.4606148 0.4219749
50 0.2194 7 1.214767 0.4297994 0.4413272
50 0.2194 7 1.293637 0.4851958 0.4166026
50 0.2194 7 1.257884 0.4718243 0.4255701
50 0.2194 13 1.310625 0.4565425 0.4404304
50 0.2194 11 1.255722 0.4937918 0.4427364
50 0.3138 7 1.262327 0.4654378 0.428738
50 0.3138 7 1.293735 0.4730086 0.4403964
50 0.3138 7 1.249802 0.4654378 0.4406878
50 0.3138 6 1.263399 0.4456880 0.4285922
50 0.3138 7 1.308218 0.4628045 0.414165
50 0.3146 7 1.298613 0.4753775 0.4374088
50 0.3146 7 1.31391 0.4707814 0.4292384
50 0.3146 7 1.276385 0.4724228 0.4403268
50 0.3146 7 1.256279 0.4629022 0.4242778
50 0.3146 7 1.257548 0.4537098 0.4404727
50 0.3138 4 1.298198 0.4621461 0.4469542
50 0.3138 6 1.331626 0.4526004 0.4345672
50 0.3138 4 1.265710 0.4871626 0.4383562
50 0.3138 7 1.256136 0.4621461 0.4383562
50 0.3138 7 1.278905 0.4443713 0.4269892
50 0.3128 7 1.230333 0.4663144 0.4222934
50 0.3128 7 1.253876 0.4762219 0.4307334
50 0.3128 6 1.29982 0.4534346 0.4307334
50 0.3128 7 1.299959 0.4471598 0.4409197
50 0.3128 11 1.295169 0.4511229 0.4294237
50 0.3138 4 1.301341 0.4621461 0.4272807
50 0.3138 7 1.260298 0.4693878 0.4402507
50 0.3138 7 1.279883 0.4716919 0.4277179
50 0.3138 7 1.255856 0.4575379 0.4293209
50 0.3138 7 1.290786 0.4825543 0.4310697
150 0.0614 9 1.010238 0 0
150 0.0614 9 1.015340 0 0
150 0.0614 9 1.007314 0 0
150 0.0614 9 1.024445 0 0
150 0.0614 9 1.011393 0 0
150 0.0612 10 1.01488 0 0
150 0.0612 9 1.020989 0 0
150 0.0612 10 1.027109 0 0
150 0.0612 10 1.015089 0 0
150 0.0612 9 1.018811 0 0
150 0.0616 9 1.013404 0 0
150 0.0616 10 1.022028 0 0
150 0.0616 9 1.025306 0 0
150 0.0616 10 1.002444 0 0
150 0.0616 9 1.012595 0 0
150 0.0614 9 1.027872 0 0
150 0.0614 9 0.991254 0 0
150 0.0614 10 0.9953117 0 0
150 0.0614 10 1.022344 0 0
150 0.0614 9 1.013808 0 0
150 0.0618 10 0.9832385 0 0
150 0.0618 10 1.020573 0 0
150 0.0618 10 1.019345 0 0
150 0.0618 9 1.020637 0 0
150 0.0618 10 1.022565 0 0
150 0.2188 9 1.05075 0 0
150 0.2188 9 1.075851 0 0
150 0.2188 9 1.056211 0 0
150 0.2188 9 1.062197 0 0
150 0.2188 9 1.052499 0 0
150 0.2196 9 1.074742 0 0
150 0.2196 9 1.060939 0 0
150 0.2196 9 1.066504 0 0
150 0.2196 9 1.027076 0 0
150 0.2196 9 1.039488 0 0
150 0.219 9 1.043146 0 0
150 0.219 10 1.056485 0 0
150 0.219 9 1.049301 0 0
150 0.219 10 1.06534 0 0
150 0.219 9 1.031131 0 0
150 0.2182 10 1.055897 0 0
150 0.2182 9 1.049677 0 0
150 0.2182 9 1.058862 0 0
150 0.2182 9 1.075537 0 0
150 0.2182 9 1.059642 0 0
150 0.2194 9 1.093222 0 0
150 0.2194 9 1.044423 0 0
150 0.2194 9 1.055601 0 0
150 0.2194 9 1.049233 0 0
150 0.2194 9 1.098111 0 0
150 0.3138 9 1.086306 0 0
150 0.3138 9 1.104504 0 0
150 0.3138 9 1.078407 0 0
150 0.3138 9 1.100328 0 0
150 0.3138 9 1.082936 0 0
150 0.3146 9 1.114110 0 0
150 0.3146 9 1.095722 0 0
150 0.3146 9 1.072558 0 0
150 0.3146 9 1.074401 0 0
150 0.3146 9 1.079994 0 0
150 0.3138 9 1.110434 0 0
150 0.3138 9 1.093726 0 0
150 0.3138 9 1.058966 0 0
150 0.3138 9 1.083796 0 0
150 0.3138 9 1.085574 0 0
150 0.3128 9 1.098627 0 0
150 0.3128 9 1.051877 0 0
150 0.3128 10 1.072896 0 0
150 0.3128 9 1.081373 0 0
150 0.3128 9 1.085815 0 0
150 0.3138 9 1.085019 0 0
150 0.3138 9 1.073039 0 0
150 0.3138 9 1.077596 0 0
150 0.3138 10 1.075318 0 0
150 0.3138 9 1.064418 0 0
250 0.0614 12 0.991154 0 0
250 0.0614 12 1.033018 0 0
250 0.0614 11 1.016634 0 0
250 0.0614 12 1.043841 0 0
250 0.0614 12 1.016200 0 0
250 0.0612 11 1.042448 0 0
250 0.0612 11 1.017662 0 0
250 0.0612 12 1.011564 0 0
250 0.0612 11 1.015840 0 0
250 0.0612 12 1.015449 0 0
250 0.0616 11 1.016053 0 0
250 0.0616 11 1.039614 0 0
250 0.0616 12 1.031959 0 0
250 0.0616 12 1.004016 0 0
250 0.0616 12 1.022181 0 0
250 0.0614 12 1.043502 0 0
250 0.0614 12 1.003307 0 0
250 0.0614 11 1.006303 0 0
250 0.0614 11 1.003910 0 0
250 0.0614 11 1.022959 0 0
250 0.0618 12 1.006806 0 0
250 0.0618 12 1.038545 0 0
250 0.0618 12 1.023828 0 0
250 0.0618 12 1.020141 0 0
250 0.0618 12 1.053928 0 0
250 0.2188 11 1.038157 0 0
250 0.2188 11 1.049997 0 0
250 0.2188 11 1.079176 0 0
250 0.2188 11 1.070347 0 0
250 0.2188 11 1.054008 0 0
250 0.2196 11 1.078601 0 0
250 0.2196 11 1.075999 0 0
250 0.2196 11 1.041046 0 0
250 0.2196 11 1.056331 0 0
250 0.2196 11 1.052931 0 0
250 0.219 11 1.059903 0 0
250 0.219 11 1.055789 0 0
250 0.219 11 1.059374 0 0
250 0.219 11 1.05564 0 0
250 0.219 11 1.072922 0 0
250 0.2182 11 1.064180 0 0
250 0.2182 11 1.054566 0 0
250 0.2182 11 1.083072 0 0
250 0.2182 11 1.056239 0 0
250 0.2182 11 1.081473 0 0
250 0.2194 11 1.060026 0 0
250 0.2194 11 1.063368 0 0
250 0.2194 11 1.085595 0 0
250 0.2194 11 1.075789 0 0
250 0.2194 11 1.064997 0 0
250 0.3138 11 1.055483 0 0
250 0.3138 11 1.099821 0 0
250 0.3138 11 1.096967 0 0
250 0.3138 11 1.095594 0 0
250 0.3138 11 1.106472 0 0
250 0.3146 11 1.066736 0 0
250 0.3146 11 1.088213 0 0
250 0.3146 11 1.089768 0 0
250 0.3146 11 1.092332 0 0
250 0.3146 11 1.085132 0 0
250 0.3138 11 1.080052 0 0
250 0.3138 11 1.082293 0 0
250 0.3138 11 1.090658 0 0
250 0.3138 11 1.104165 0 0
250 0.3138 11 1.082532 0 0
250 0.3128 11 1.068533 0 0
250 0.3128 11 1.080198 0 0
250 0.3128 11 1.056945 0 0
250 0.3128 11 1.107798 0 0
250 0.3128 11 1.072930 0 0
250 0.3138 11 1.060265 0 0
250 0.3138 11 1.075673 0 0
250 0.3138 11 1.070886 0 0
250 0.3138 11 1.075438 0 0
250 0.3138 11 1.063384 0 0
%n density  glcalls lse TP FP 
80 0.0614 11 1.200724 0.5447471 0.4613254
80 0.0614 13 1.261898 0.459144 0.4775197
80 0.0614 7 1.233084 0.5019455 0.4620712
80 0.0614 7 1.190731 0.5525292 0.4634562
80 0.0614 7 1.187802 0.5486381 0.4562114
80 0.0612 7 1.204232 0.515625 0.4639966
80 0.0612 12 1.268593 0.53125 0.4546229
80 0.0612 11 1.221233 0.5234375 0.4475927
80 0.0612 11 1.211062 0.5429688 0.4693225
80 0.0612 11 1.218071 0.5234375 0.460588
80 0.0616 13 1.206283 0.5348837 0.4673913
80 0.0616 13 1.169838 0.5891473 0.4560955
80 0.0616 7 1.168869 0.5775194 0.463555
80 0.0616 4 1.175107 0.5155039 0.4524723
80 0.0616 13 1.18301 0.5155039 0.4578005
80 0.0614 13 1.220602 0.536965 0.4585553
80 0.0614 12 1.243170 0.5525292 0.4621777
80 0.0614 12 1.218834 0.5525292 0.4703814
80 0.0614 11 1.203312 0.5486381 0.4643085
80 0.0614 4 1.214677 0.5175097 0.4700618
80 0.0618 12 1.212561 0.5366795 0.4542741
80 0.0618 7 1.205937 0.6254826 0.4559795
80 0.0618 12 1.232685 0.5289575 0.4613089
80 0.0618 7 1.226451 0.5675676 0.4587508
80 0.0618 7 1.226122 0.5250965 0.4508634
80 0.2188 11 1.207429 0.5507663 0.4673579
80 0.2188 13 1.218701 0.545977 0.4705581
80 0.2188 12 1.240215 0.51341 0.4639017
80 0.2188 13 1.218987 0.545977 0.4628776
80 0.2188 7 1.214966 0.5181992 0.4679980
80 0.2196 13 1.242167 0.4847328 0.4597642
80 0.2196 11 1.22355 0.5181298 0.4777037
80 0.2196 7 1.208353 0.5181298 0.4584828
80 0.2196 7 1.217733 0.5353053 0.4662993
80 0.2196 11 1.220409 0.5400763 0.4666838
80 0.219 11 1.226792 0.5435407 0.4796415
80 0.219 11 1.222380 0.5454545 0.4742638
80 0.219 13 1.241109 0.5205742 0.4609475
80 0.219 4 1.198663 0.4976077 0.459411
80 0.219 11 1.238160 0.5186603 0.4632522
80 0.2182 12 1.242683 0.5533141 0.4721156
80 0.2182 12 1.190696 0.5120077 0.4493477
80 0.2182 13 1.255343 0.5216138 0.4712203
80 0.2182 4 1.226049 0.5427474 0.465848
80 0.2182 12 1.204561 0.5264169 0.4561269
80 0.2194 4 1.220627 0.5157593 0.4547784
80 0.2194 12 1.270658 0.5530086 0.4803997
80 0.2194 11 1.223811 0.5253104 0.4704074
80 0.2194 15 1.191627 0.504298 0.4647707
80 0.2194 7 1.252188 0.5071633 0.4657955
80 0.3138 7 1.173103 0.5213957 0.4543865
80 0.3138 11 1.247436 0.5523371 0.4785777
80 0.3138 7 1.204353 0.5246873 0.4651705
80 0.3138 13 1.235771 0.5292956 0.4672107
80 0.3138 12 1.245827 0.5055958 0.468668
80 0.3146 11 1.216843 0.5357846 0.4715495
80 0.3146 7 1.230628 0.5200263 0.4791363
80 0.3146 11 1.241707 0.5390676 0.4595856
80 0.3146 13 1.246826 0.5508864 0.4697987
80 0.3146 12 1.206730 0.5036113 0.4700905
80 0.3138 11 1.231153 0.5424621 0.4631303
80 0.3138 12 1.236123 0.5003292 0.4721655
80 0.3138 7 1.221531 0.5391705 0.4599242
80 0.3138 11 1.250839 0.5082291 0.4829496
80 0.3138 7 1.230676 0.5154707 0.476246
80 0.3128 13 1.249632 0.502642 0.4688591
80 0.3128 12 1.229242 0.5264201 0.4735157
80 0.3128 11 1.218715 0.5409511 0.4714785
80 0.3128 4 1.244284 0.5178336 0.4589639
80 0.3128 11 1.194092 0.509247 0.4831199
80 0.3138 13 1.209704 0.5167874 0.4669193
80 0.3138 13 1.234591 0.5319289 0.4704168
80 0.3138 4 1.251592 0.5069124 0.4704168
80 0.3138 7 1.195148 0.5273206 0.4677936
80 0.3138 11 1.220951 0.5227123 0.4692509
110 0.0614 6 1.033505 0 0.0008523333
110 0.0614 6 1.027471 0 0
110 0.0614 6 1.02225 0 0.0002130833
110 0.0614 6 1.014469 0 0
110 0.0614 6 0.996531 0 0
110 0.0612 6 1.006387 0 0.0002130379
110 0.0612 6 1.006312 0.0078125 0.0002130379
110 0.0612 6 1.014379 0 0
110 0.0612 8 1.005167 0 0
110 0.0612 6 1.025434 0 0
110 0.0616 6 0.9889767 0 0
110 0.0616 6 1.022353 0 0
110 0.0616 6 1.025030 0 0.0002131287
110 0.0616 6 1.037138 0 0.000852515
110 0.0616 6 1.030647 0 0
110 0.0614 6 1.020418 0 0
110 0.0614 6 1.025179 0.003891051 0.0002130833
110 0.0614 6 1.001124 0.01945525 0.00319625
110 0.0614 6 1.058172 0 0
110 0.0614 6 1.001515 0 0
110 0.0618 6 1.025528 0 0
110 0.0618 6 1.016713 0.003861004 0.0004263483
110 0.0618 6 1.062558 0.007722008 0.002771264
110 0.0618 6 1.050188 0.007722008 0.001492219
110 0.0618 6 1.019029 0 0
110 0.2188 6 1.056591 0 0
110 0.2188 6 1.074928 0 0
110 0.2188 6 1.063202 0.007662835 0.0005120328
110 0.2188 6 1.038878 0.02681992 0.005376344
110 0.2188 6 1.066844 0.00862069 0.002560164
110 0.2196 6 1.066735 0.0009541985 0
110 0.2196 6 1.059352 0.001908397 0.0007688365
110 0.2196 6 1.049773 0.0009541985 0.0002562788
110 0.2196 7 1.093318 0 0
110 0.2196 6 1.074025 0 0
110 0.219 6 1.075434 0.001913876 0.0002560819
110 0.219 6 1.072633 0.02679426 0.009987196
110 0.219 6 1.057692 0.004784689 0.001280410
110 0.219 6 1.053784 0.0009569378 0.0002560819
110 0.219 6 1.077608 0 0
110 0.2182 6 1.036096 0 0
110 0.2182 6 1.039377 0 0
110 0.2182 8 1.029321 0.001921230 0.0005116398
110 0.2182 6 1.083922 0 0
110 0.2182 6 1.047813 0 0
110 0.2194 6 1.05359 0 0.0002562132
110 0.2194 6 1.028568 0 0
110 0.2194 6 1.109294 0 0
110 0.2194 7 1.107925 0 0
110 0.2194 6 1.082929 0.01337154 0.002305919
110 0.3138 6 1.090875 0.008558262 0.004371903
110 0.3138 6 1.096264 0.001974984 0.0008743806
110 0.3138 6 1.094510 0.001974984 0.0005829204
110 0.3138 6 1.058011 0 0
110 0.3138 6 1.080417 0 0
110 0.3146 6 1.087332 0.001313198 0.0002918004
110 0.3146 6 1.068062 0.001969796 0.0002918004
110 0.3146 6 1.082441 0 0
110 0.3146 6 1.079239 0 0
110 0.3146 6 1.088496 0 0
110 0.3138 6 1.084583 0.0006583278 0
110 0.3138 6 1.087796 0 0
110 0.3138 6 1.085794 0 0
110 0.3138 6 1.065639 0 0.0002914602
110 0.3138 6 1.051246 0.008558262 0.002331682
110 0.3128 6 1.076653 0.000660502 0.0002910361
110 0.3128 6 1.085662 0 0
110 0.3128 7 1.080161 0 0
110 0.3128 6 1.098678 0.001981506 0
110 0.3128 6 1.089538 0 0.0002910361
110 0.3138 6 1.076230 0 0
110 0.3138 6 1.064922 0.005924951 0.002331682
110 0.3138 6 1.062094 0 0.0002914602
110 0.3138 6 1.083591 0 0.0002914602
110 0.3138 6 1.080282 0.001316656 0.0005829204
%n density  glcalls lse TP FP 
110 0.0614 6 1.022905 0 0
110 0.0614 6 1.007153 0 0
110 0.0614 6 1.014425 0 0
110 0.0614 6 1.022443 0 0
110 0.0614 7 1.002603 0 0
110 0.0612 6 1.019129 0 0
110 0.0612 13 1.042341 0 0.001065190
110 0.0612 6 0.9961184 0.00390625 0
110 0.0612 6 1.006613 0 0
110 0.0612 6 1.013249 0 0
110 0.0616 6 1.020135 0 0
110 0.0616 6 1.018776 0 0
110 0.0616 6 1.005601 0 0.0004262575
110 0.0616 6 1.033147 0.003875969 0.00170503
110 0.0616 6 1.034334 0 0
110 0.0614 6 1.026005 0.007782101 0.002130833
110 0.0614 6 0.9990414 0 0
110 0.0614 6 1.020683 0 0
110 0.0614 6 1.017536 0 0
110 0.0614 6 0.9845615 0 0.0002130833
110 0.0618 6 1.006965 0 0
110 0.0618 6 1.026757 0 0
110 0.0618 6 1.026914 0 0
110 0.0618 6 1.003281 0 0.0004263483
110 0.0618 6 1.013433 0.003861004 0
110 0.2188 6 1.038387 0 0
110 0.2188 6 1.061668 0 0
110 0.2188 6 1.065624 0.004789272 0.001024066
110 0.2188 6 1.036116 0.001915709 0
110 0.2188 6 1.060605 0 0
110 0.2196 6 1.055088 0.001908397 0
110 0.2196 6 1.078437 0.02290076 0.005638134
110 0.2196 6 1.041610 0.0009541985 0
110 0.2196 6 1.060865 0 0
110 0.2196 6 1.065784 0 0
110 0.219 6 1.054091 0 0
110 0.219 6 1.051248 0.0009569378 0.0002560819
110 0.219 6 1.046663 0.006698565 0.0007682458
110 0.219 6 1.062324 0 0
110 0.219 6 1.037234 0 0
110 0.2182 6 1.062472 0 0
110 0.2182 6 1.079309 0.01633045 0.005628038
110 0.2182 6 1.051836 0.004803074 0.001790739
110 0.2182 6 1.045641 0 0
110 0.2182 6 1.058577 0.01633045 0.002046559
110 0.2194 6 1.068725 0 0
110 0.2194 6 1.09389 0.005730659 0.001024853
110 0.2194 6 1.053250 0.0009551098 0
110 0.2194 6 1.073953 0 0
110 0.2194 6 1.080387 0 0
110 0.3138 6 1.051362 0 0
110 0.3138 6 1.094162 0.003291639 0
110 0.3138 6 1.102922 0 0
110 0.3138 6 1.106862 0.0006583278 0
110 0.3138 6 1.054311 0.004608295 0.0008743806
110 0.3146 6 1.093875 0.008535785 0.004377006
110 0.3146 6 1.088511 0.001969796 0
110 0.3146 6 1.061465 0.001313198 0
110 0.3146 6 1.067025 0.009192383 0.001167202
110 0.3146 6 1.080299 0.005252791 0.003501605
110 0.3138 6 1.084125 0 0
110 0.3138 6 1.095671 0.009874918 0.002331682
110 0.3138 6 1.070685 0.007241606 0.002623142
110 0.3138 6 1.095038 0.006583278 0.004080443
110 0.3138 6 1.120702 0 0
110 0.3128 6 1.047781 0 0
110 0.3128 6 1.106080 0 0
110 0.3128 6 1.097552 0.01188904 0.003201397
110 0.3128 6 1.087708 0.002642008 0.001164144
110 0.3128 6 1.055856 0.001321004 0
110 0.3138 6 1.065621 0.003291639 0.0008743806
110 0.3138 6 1.074129 0 0
110 0.3138 6 1.063226 0 0
110 0.3138 6 1.038890 0.005266623 0.002623142
110 0.3138 6 1.065517 0 0
%n density  glcalls lse TP FP 
80 0.0614 15 1.174563 0.5719844 0.4530151
80 0.0614 4 1.183003 0.5175097 0.4523759
80 0.0614 12 1.200268 0.5603113 0.4562114
80 0.0614 13 1.169321 0.5719844 0.4596207
80 0.0614 7 1.201839 0.5097276 0.4664394
80 0.0612 11 1.242405 0.5546875 0.4667661
80 0.0612 7 1.188626 0.53125 0.4524925
80 0.0612 11 1.224892 0.5234375 0.4524925
80 0.0612 6 1.181961 0.5429688 0.472092
80 0.0612 4 1.209282 0.5429688 0.4674052
80 0.0616 7 1.170248 0.5077519 0.4671782
80 0.0616 7 1.185188 0.5155039 0.4455456
80 0.0616 11 1.237781 0.5542636 0.4573743
80 0.0616 7 1.241096 0.5503876 0.4662191
80 0.0616 13 1.193731 0.5193798 0.4789003
80 0.0614 11 1.230955 0.5291829 0.475815
80 0.0614 7 1.207442 0.5758755 0.4583422
80 0.0614 13 1.188636 0.4785992 0.4532282
80 0.0614 7 1.185822 0.5642023 0.4640955
80 0.0614 13 1.168472 0.5836576 0.4523759
80 0.0618 7 1.208833 0.4980695 0.4606694
80 0.0618 7 1.206947 0.5250965 0.4598167
80 0.0618 12 1.214485 0.4980695 0.4689832
80 0.0618 7 1.204482 0.5907336 0.4561927
80 0.0618 13 1.247463 0.5135135 0.4719676
80 0.2188 13 1.244869 0.493295 0.4633897
80 0.2188 13 1.235413 0.5220307 0.4664619
80 0.2188 11 1.238344 0.5239464 0.468766
80 0.2188 7 1.220724 0.5143678 0.4626216
80 0.2188 7 1.239208 0.5086207 0.4595494
80 0.2196 14 1.234532 0.5438931 0.4710405
80 0.2196 11 1.203239 0.5400763 0.4636084
80 0.2196 7 1.208997 0.5171756 0.4592517
80 0.2196 13 1.27601 0.5267176 0.4728344
80 0.2196 12 1.216798 0.5248092 0.4720656
80 0.219 13 1.238441 0.4784689 0.4535211
80 0.219 13 1.252133 0.5368421 0.4714469
80 0.219 14 1.215006 0.537799 0.4645327
80 0.219 4 1.198474 0.5205742 0.459283
80 0.219 12 1.248688 0.5129187 0.4608195
80 0.2182 4 1.213688 0.5350624 0.465848
80 0.2182 11 1.242521 0.5465898 0.4668713
80 0.2182 12 1.24626 0.5302594 0.4594525
80 0.2182 4 1.217065 0.5043228 0.465848
80 0.2182 15 1.223481 0.5581172 0.4561269
80 0.2194 4 1.240834 0.5444126 0.4614399
80 0.2194 7 1.232809 0.4842407 0.4683577
80 0.2194 13 1.278337 0.5062082 0.4742506
80 0.2194 11 1.219611 0.5286533 0.4527287
80 0.2194 11 1.253117 0.548233 0.4709198
80 0.3138 12 1.256961 0.4950625 0.4717284
80 0.3138 12 1.227288 0.5233706 0.4638589
80 0.3138 13 1.237832 0.5194207 0.4712912
80 0.3138 13 1.234640 0.5332456 0.4625474
80 0.3138 12 1.2861 0.5418038 0.452492
80 0.3146 13 1.219942 0.5338148 0.4638167
80 0.3146 4 1.204863 0.4990151 0.4658594
80 0.3146 7 1.210968 0.5167433 0.4757806
80 0.3146 13 1.268873 0.5095207 0.4715495
80 0.3146 12 1.242029 0.5246225 0.4794281
80 0.3138 11 1.206374 0.5128374 0.472457
80 0.3138 7 1.204226 0.5174457 0.4820752
80 0.3138 13 1.188033 0.5283081 0.4619644
80 0.3138 13 1.240241 0.5009875 0.4730399
80 0.3138 13 1.225925 0.5187623 0.4744972
80 0.3128 12 1.221840 0.5284016 0.4612922
80 0.3128 13 1.212864 0.5046235 0.4496508
80 0.3128 7 1.180541 0.509247 0.4662398
80 0.3128 13 1.21 0.5250991 0.4607101
80 0.3128 12 1.239814 0.5343461 0.4822468
80 0.3138 7 1.203240 0.5246873 0.4715826
80 0.3138 4 1.217654 0.5167874 0.4447683
80 0.3138 11 1.225632 0.5292956 0.4701253
80 0.3138 13 1.205167 0.5227123 0.4707082
80 0.3138 6 1.202302 0.5253456 0.4806179
110 0.0614 6 1.011035 0 0
110 0.0614 6 1.037859 0 0
110 0.0614 6 1.059026 0.007782101 0.001065417
110 0.0614 6 1.012623 0 0.0004261666
110 0.0614 6 1.020864 0 0
110 0.0612 6 1.005615 0 0
110 0.0612 6 1.005598 0.00390625 0.0004260758
110 0.0612 6 1.028173 0 0.0006391138
110 0.0612 6 0.9716483 0 0
110 0.0612 6 1.003820 0 0
110 0.0616 6 1.045445 0.003875969 0.001065644
110 0.0616 8 1.040613 0.007751938 0.002131287
110 0.0616 6 1.008844 0.03100775 0.005328218
110 0.0616 7 1.032234 0 0
110 0.0616 6 1.022255 0 0
110 0.0614 6 1.028344 0 0
110 0.0614 6 1.024960 0.003891051 0
110 0.0614 6 1.026111 0 0
110 0.0614 6 1.031761 0 0
110 0.0614 6 1.019518 0 0
110 0.0618 6 1.024105 0 0
110 0.0618 6 1.044165 0 0
110 0.0618 7 1.018844 0 0
110 0.0618 6 1.020734 0 0.0002131742
110 0.0618 6 1.019998 0 0
110 0.2188 6 1.034887 0 0
110 0.2188 6 1.064724 0 0
110 0.2188 6 1.046777 0 0.0002560164
110 0.2188 6 1.067894 0 0
110 0.2188 6 1.059428 0.002873563 0.001024066
110 0.2196 8 1.058998 0.0009541985 0.0002562788
110 0.2196 6 1.083345 0.0009541985 0
110 0.2196 6 1.061024 0 0
110 0.2196 6 1.070303 0.002862595 0.001025115
110 0.2196 6 1.052423 0.001908397 0
110 0.219 6 1.071404 0 0.0002560819
110 0.219 6 1.056254 0.0009569378 0
110 0.219 6 1.069718 0.004784689 0.0007682458
110 0.219 6 1.088283 0.0009569378 0
110 0.219 6 1.069521 0 0
110 0.2182 6 1.055456 0 0
110 0.2182 6 1.083012 0 0
110 0.2182 6 1.085015 0 0
110 0.2182 6 1.030263 0 0
110 0.2182 6 1.078399 0 0
110 0.2194 6 1.063883 0.0009551098 0.0002562132
110 0.2194 6 1.045783 0.001910220 0.0002562132
110 0.2194 8 1.052698 0 0
110 0.2194 6 1.098409 0 0
110 0.2194 6 1.092471 0.001910220 0.0007686395
110 0.3138 6 1.083128 0.003949967 0
110 0.3138 6 1.108833 0 0
110 0.3138 6 1.112006 0.0006583278 0
110 0.3138 6 1.088413 0.002633311 0.001165841
110 0.3138 6 1.057745 0 0
110 0.3146 6 1.139907 0.001313198 0
110 0.3146 6 1.088181 0 0
110 0.3146 6 1.099633 0.002626395 0
110 0.3146 6 1.077111 0.0006565988 0.0005836008
110 0.3146 6 1.058104 0.005252791 0.001459002
110 0.3138 6 1.094590 0.001316656 0.0002914602
110 0.3138 6 1.067658 0 0
110 0.3138 6 1.077573 0 0
110 0.3138 7 1.104841 0.0006583278 0
110 0.3138 6 1.087359 0.004608295 0.002040222
110 0.3128 8 1.069999 0.001321004 0.0005820722
110 0.3128 6 1.057158 0.000660502 0
110 0.3128 9 1.066659 0 0
110 0.3128 6 1.103808 0.005944518 0.002037253
110 0.3128 6 1.061118 0 0
110 0.3138 6 1.077075 0.0006583278 0.0002914602
110 0.3138 6 1.075806 0.003291639 0.0002914602
110 0.3138 6 1.065521 0 0
110 0.3138 6 1.059986 0.0006583278 0
110 0.3138 6 1.048204 0 0
130 0.0614 8 0.9948487 0 0
130 0.0614 8 0.999115 0 0
130 0.0614 8 1.018516 0 0
130 0.0614 8 1.010548 0 0
130 0.0614 8 1.043190 0 0
130 0.0612 8 1.037166 0 0
130 0.0612 8 1.028648 0 0
130 0.0612 8 1.038368 0 0
130 0.0612 8 1.021621 0 0
130 0.0612 8 0.984997 0 0
130 0.0616 8 1.018231 0 0
130 0.0616 8 1.019425 0 0
130 0.0616 8 1.006370 0 0
130 0.0616 8 1.012183 0 0
130 0.0616 8 0.997416 0 0
130 0.0614 8 0.99523 0 0
130 0.0614 8 1.011781 0 0
130 0.0614 8 1.010196 0 0
130 0.0614 8 1.028351 0 0
130 0.0614 8 1.009071 0 0
130 0.0618 8 1.005368 0 0
130 0.0618 8 1.0294 0 0
130 0.0618 8 1.041037 0 0
130 0.0618 8 1.014611 0 0
130 0.0618 8 1.006240 0 0
130 0.2188 8 1.054982 0 0
130 0.2188 8 1.073224 0 0
130 0.2188 8 1.064797 0 0
130 0.2188 8 1.057124 0 0
130 0.2188 8 1.046332 0 0
130 0.2196 8 1.064158 0 0
130 0.2196 8 1.045803 0 0
130 0.2196 8 1.038355 0 0
130 0.2196 8 1.061954 0 0
130 0.2196 8 1.079069 0 0
130 0.219 8 1.102303 0 0
130 0.219 8 1.073562 0 0
130 0.219 8 1.063245 0 0
130 0.219 8 1.036097 0 0
130 0.219 8 1.073762 0 0
130 0.2182 8 1.078503 0 0
130 0.2182 8 1.077805 0 0
130 0.2182 8 1.039969 0 0
130 0.2182 8 1.058987 0 0
130 0.2182 8 1.046921 0 0
130 0.2194 8 1.063109 0 0
130 0.2194 8 1.115470 0 0
130 0.2194 8 1.088211 0 0
130 0.2194 8 1.042672 0 0
130 0.2194 8 1.078279 0 0
130 0.3138 8 1.072505 0 0
130 0.3138 8 1.109205 0 0
130 0.3138 8 1.070756 0 0
130 0.3138 8 1.083366 0 0
130 0.3138 8 1.106473 0 0
130 0.3146 8 1.098055 0 0
130 0.3146 8 1.090746 0 0
130 0.3146 8 1.104049 0 0
130 0.3146 8 1.082461 0 0
130 0.3146 8 1.089608 0 0
130 0.3138 8 1.071580 0 0
130 0.3138 8 1.04609 0 0
130 0.3138 8 1.101783 0 0
130 0.3138 8 1.078860 0 0
130 0.3138 8 1.080494 0 0
130 0.3128 8 1.093184 0 0
130 0.3128 7 1.067926 0 0
130 0.3128 8 1.067325 0 0
130 0.3128 8 1.077547 0 0
130 0.3128 8 1.077961 0 0
130 0.3138 8 1.062270 0 0
130 0.3138 8 1.103379 0 0
130 0.3138 8 1.064971 0 0
130 0.3138 8 1.093839 0 0
130 0.3138 8 1.080006 0 0
