%n density lambda lse TP FP 
%n density lambda lse TP FP 
30 0.0614 23.08777 1.003966 0 0
30 0.0614 22.00205 1.006000 0 0
30 0.0614 19.79442 1.034530 0 0
30 0.0614 22.78452 1.035829 0 0
30 0.0614 25.13912 1.023407 0 0
30 0.0612 19.45372 1.016737 0 0
30 0.0612 19.30080 1.019506 0 0
30 0.0612 21.53166 1.008204 0 0
30 0.0612 18.59267 1.017006 0 0
30 0.0612 21.63402 1.006965 0 0
30 0.0616 22.10826 1.002858 0 0
30 0.0616 20.80953 1.02128 0 0
30 0.0616 21.70164 0.981345 0 0
30 0.0616 21.21799 1.013795 0 0
30 0.0616 22.10562 1.013772 0 0
30 0.0614 20.54735 1.032093 0 0
30 0.0614 19.25105 1.018024 0 0
30 0.0614 19.65351 1.015559 0 0
30 0.0614 22.95964 1.017312 0 0
30 0.0614 18.9365 1.025737 0 0
30 0.0618 23.32511 1.023308 0 0
30 0.0618 20.01514 1.0133 0 0
30 0.0618 23.39284 1.036409 0 0
30 0.0618 21.40725 1.016672 0 0
30 0.0618 20.55492 1.017766 0 0
%n density lambda lse TP FP 
30 0.2188 20.13090 1.049776 0 0
30 0.2188 22.79900 1.047568 0 0
30 0.2188 22.54371 1.049335 0 0
30 0.2188 21.1731 1.051904 0 0
30 0.2188 21.58755 1.036314 0 0
30 0.2196 21.26616 1.063624 0 0
30 0.2196 20.94969 1.068942 0 0
30 0.2196 23.50040 1.064566 0 0
30 0.2196 23.91194 1.076543 0 0
30 0.2196 22.78457 1.063782 0 0
30 0.219 19.99774 1.070065 0 0
30 0.219 21.63628 1.048381 0 0
30 0.219 24.63781 1.045793 0 0
30 0.219 23.21643 1.048144 0 0
30 0.219 21.74974 1.062896 0 0
30 0.2182 23.1771 1.068968 0 0
30 0.2182 22.06951 1.082754 0 0
30 0.2182 21.02517 1.033220 0 0
30 0.2182 21.51850 1.042032 0 0
30 0.2182 23.96983 1.081495 0 0
30 0.2194 23.76483 1.040021 0 0
30 0.2194 21.559 1.056955 0 0
30 0.2194 20.29208 1.069804 0 0
30 0.2194 19.43448 1.073598 0 0
30 0.2194 21.20014 1.076191 0 0
%n density lambda lse TP FP 
30 0.3138 24.01093 1.093585 0 0
30 0.3138 21.33105 1.075082 0 0
30 0.3138 24.66863 1.087816 0 0
30 0.3138 23.25509 1.090941 0 0
30 0.3138 20.688 1.121121 0 0
30 0.3146 22.14502 1.093501 0 0
30 0.3146 24.91986 1.079813 0 0
30 0.3146 22.74504 1.081576 0 0
30 0.3146 23.43551 1.078886 0 0
30 0.3146 20.02085 1.115250 0 0
30 0.3138 21.45009 1.090673 0 0
30 0.3138 21.86259 1.107973 0 0
30 0.3138 21.06885 1.118782 0 0
30 0.3138 24.93276 1.091317 0 0
30 0.3138 23.95687 1.072298 0 0
30 0.3128 22.89481 1.078013 0 0
30 0.3128 23.57922 1.077660 0 0
30 0.3128 21.79199 1.056454 0 0
30 0.3128 22.78648 1.078902 0 0
30 0.3128 19.30953 1.067181 0 0
30 0.3138 21.21210 1.073904 0 0
30 0.3138 22.18260 1.085998 0 0
30 0.3138 22.19057 1.090953 0 0
30 0.3138 23.21433 1.091943 0 0
30 0.3138 24.93101 1.081812 0 0
%n density lambda lse TP FP 
50 0.0614 27.07319 1.014297 0 0
50 0.0614 24.77240 1.015291 0 0
50 0.0614 25.57239 1.029936 0 0
50 0.0614 28.0433 1.030251 0 0
50 0.0614 26.67289 1.003689 0 0
50 0.0612 26.802 1.027084 0 0
50 0.0612 26.82051 1.004795 0 0
50 0.0612 25.35026 1.025324 0 0
50 0.0612 25.87948 0.999468 0 0
50 0.0612 27.73685 0.9916455 0 0
50 0.0616 24.37986 1.018666 0 0
50 0.0616 24.73829 1.025871 0 0
50 0.0616 23.83354 0.9855452 0 0
50 0.0616 27.09607 1.031767 0 0
50 0.0616 25.65260 1.034653 0 0
50 0.0614 26.90418 1.003750 0 0
50 0.0614 24.76194 1.00184 0 0
50 0.0614 24.66616 1.011598 0 0
50 0.0614 25.88674 1.022015 0 0
50 0.0614 27.30401 1.012788 0 0
50 0.0618 24.41565 1.027777 0 0
50 0.0618 24.32014 1.031254 0 0
50 0.0618 28.31345 1.009503 0 0
50 0.0618 26.52883 1.002401 0 0
50 0.0618 24.16113 1.040413 0 0
%n density lambda lse TP FP 
50 0.2188 27.44204 1.050289 0 0
50 0.2188 25.68947 1.080221 0 0
50 0.2188 27.07575 1.078838 0 0
50 0.2188 26.76880 1.033095 0 0
50 0.2188 26.90313 1.065473 0 0
50 0.2196 29.08595 1.067701 0 0
50 0.2196 28.06178 1.063377 0 0
50 0.2196 25.52419 1.082868 0 0
50 0.2196 27.82726 1.067859 0 0
50 0.2196 27.89467 1.049752 0 0
50 0.219 32.35536 1.058897 0 0
50 0.219 27.2657 1.071176 0 0
50 0.219 27.56674 1.059968 0 0
50 0.219 25.42107 1.082259 0 0
50 0.219 25.93717 1.034854 0 0
50 0.2182 28.23830 1.066028 0 0
50 0.2182 27.97202 1.074861 0 0
50 0.2182 25.61324 1.054226 0 0
50 0.2182 27.40360 1.037264 0 0
50 0.2182 27.01047 1.061848 0 0
50 0.2194 27.22529 1.075095 0 0
50 0.2194 24.87732 1.068148 0 0
50 0.2194 30.69321 1.099059 0 0
50 0.2194 27.01112 1.055972 0 0
50 0.2194 28.49924 1.105365 0 0
%n density lambda lse TP FP 
50 0.3138 27.26050 1.073368 0 0
50 0.3138 27.63454 1.059004 0 0
50 0.3138 26.03093 1.071621 0 0
50 0.3138 27.28138 1.085419 0 0
50 0.3138 30.84459 1.065722 0 0
50 0.3146 27.03875 1.088366 0 0
50 0.3146 30.18397 1.094610 0 0
50 0.3146 26.53529 1.082243 0 0
50 0.3146 27.2844 1.061400 0 0
50 0.3146 27.35464 1.089511 0 0
50 0.3138 28.36861 1.090666 0 0
50 0.3138 25.92626 1.077526 0 0
50 0.3138 25.81631 1.099718 0 0
50 0.3138 28.45444 1.090187 0 0
50 0.3138 26.72243 1.074223 0 0
50 0.3128 27.83468 1.040017 0 0
50 0.3128 26.04412 1.061436 0 0
50 0.3128 25.85115 1.061562 0 0
50 0.3128 29.08440 1.066006 0 0
50 0.3128 23.66576 1.084135 0 0
50 0.3138 28.30586 1.093732 0 0
50 0.3138 27.88360 1.065008 0 0
50 0.3138 27.28887 1.063614 0 0
50 0.3138 28.11007 1.074973 0 0
50 0.3138 32.49065 1.075695 0 0
%n density lambda lse TP FP 
500 0.0614 69.49245 0.9953912 0 0
500 0.0614 71.23129 1.032870 0 0
500 0.0614 68.44271 1.034246 0 0
500 0.0614 71.66909 1.014332 0 0
500 0.0614 69.80632 1.026682 0 0
500 0.0612 72.67292 0.9971745 0 0
500 0.0612 73.32567 1.063265 0 0
500 0.0612 68.87298 1.022755 0 0
500 0.0612 71.10539 1.033815 0 0
500 0.0612 68.43396 1.030915 0 0
500 0.0616 68.72158 1.018314 0 0
500 0.0616 72.59541 1.014010 0 0
500 0.0616 69.31499 1.011754 0 0
500 0.0616 71.96173 1.019844 0 0
500 0.0616 73.75587 1.016532 0 0
500 0.0614 68.90016 1.014515 0 0
500 0.0614 72.21783 1.022388 0 0
500 0.0614 73.71608 1.001307 0.003891051 0
500 0.0614 67.84353 0.9938426 0 0
500 0.0614 68.3123 1.002424 0 0
500 0.0618 70.7588 1.033448 0 0
500 0.0618 70.61741 1.028227 0 0
500 0.0618 71.53975 1.020874 0 0
500 0.0618 69.76524 1.038243 0 0
500 0.0618 72.81985 1.031660 0 0
%n density lambda lse TP FP 
500 0.2188 75.57728 1.045033 0 0
500 0.2188 72.40664 1.067335 0 0
500 0.2188 75.039 1.049150 0 0
500 0.2188 70.51126 1.079997 0 0
500 0.2188 71.80381 1.054606 0 0
500 0.2196 75.12548 1.028767 0.0009541985 0
500 0.2196 72.76809 1.057462 0 0
500 0.2196 73.84998 1.054554 0 0
500 0.2196 75.88855 1.073927 0 0
500 0.2196 76.21673 1.058487 0.0009541985 0
500 0.219 74.74212 1.056204 0 0
500 0.219 74.93862 1.064372 0 0
500 0.219 72.85645 1.058818 0 0
500 0.219 71.8483 1.068333 0 0
500 0.219 72.187 1.0694 0 0
500 0.2182 73.48115 1.046144 0 0
500 0.2182 71.50695 1.047365 0 0
500 0.2182 72.49753 1.058621 0 0
500 0.2182 75.44581 1.070285 0 0
500 0.2182 75.16755 1.04609 0 0
500 0.2194 70.9747 1.061098 0 0
500 0.2194 72.25152 1.049011 0 0
500 0.2194 73.93059 1.037899 0 0
500 0.2194 71.22598 1.067431 0 0
500 0.2194 74.1417 1.041957 0 0
%n density lambda lse TP FP 
500 0.3138 76.1056 1.061348 0 0
500 0.3138 73.5769 1.079372 0 0
500 0.3138 72.67436 1.071992 0 0
500 0.3138 74.24159 1.100657 0.0006583278 0
500 0.3138 72.84103 1.093867 0 0
500 0.3146 75.17554 1.068337 0 0
500 0.3146 78.47582 1.072454 0 0
500 0.3146 77.26314 1.058717 0 0
500 0.3146 74.71761 1.063758 0 0
500 0.3146 73.40551 1.059037 0 0
500 0.3138 75.73635 1.105201 0 0
500 0.3138 73.3129 1.063054 0 0
500 0.3138 77.43786 1.104683 0 0
500 0.3138 75.70232 1.065894 0 0
500 0.3138 81.20174 1.104559 0 0
500 0.3128 71.9393 1.079628 0 0
500 0.3128 75.53612 1.063749 0 0
500 0.3128 74.52596 1.060696 0 0
500 0.3128 72.65316 1.055293 0 0
500 0.3128 75.64119 1.082690 0 0
500 0.3138 75.81192 1.111295 0.0006583278 0
500 0.3138 72.78595 1.076181 0 0
500 0.3138 73.48307 1.079622 0 0
500 0.3138 72.25163 1.056206 0 0
500 0.3138 73.4466 1.065488 0 0
%n density lambda lse TP FP 
1000 0.0614 98.94853 1.030154 0 0
1000 0.0614 94.2547 1.005454 0 0
1000 0.0614 98.102 1.024032 0.007782101 0
1000 0.0614 98.54581 1.003405 0 0
1000 0.0614 98.2059 1.014663 0 0
1000 0.0612 100.4497 0.9926617 0.00390625 0
1000 0.0612 100.5831 1.010604 0 0
1000 0.0612 102.6822 1.019733 0 0
1000 0.0612 99.65547 1.011550 0.00390625 0
1000 0.0612 94.46556 1.039238 0.01171875 0
1000 0.0616 102.0448 1.007055 0 0
1000 0.0616 100.3413 0.9858809 0 0
1000 0.0616 98.03263 1.021066 0.003875969 0
1000 0.0616 101.3522 1.031589 0.01162791 0
1000 0.0616 97.45367 1.031840 0 0
1000 0.0614 99.60861 1.046259 0 0
1000 0.0614 106.5043 1.012134 0 0
1000 0.0614 98.2174 1.028823 0.003891051 0
1000 0.0614 98.52239 0.9980746 0.003891051 0
1000 0.0614 98.36679 0.9965216 0 0
1000 0.0618 96.59709 1.002995 0.01158301 0
1000 0.0618 96.82784 1.015815 0.003861004 0
1000 0.0618 100.2028 1.006612 0 0
1000 0.0618 96.19511 1.021825 0 0
1000 0.0618 95.52975 1.01351 0.003861004 0
%n density lambda lse TP FP 
1000 0.2188 100.1770 1.038592 0 0
1000 0.2188 100.0073 1.040688 0.003831418 0
1000 0.2188 99.31403 1.049924 0.0009578544 0
1000 0.2188 103.9394 1.051494 0.001915709 0
1000 0.2188 102.9932 1.065374 0.001915709 0
1000 0.2196 101.5687 1.061954 0.001908397 0
1000 0.2196 99.46542 1.075913 0.003816794 0
1000 0.2196 98.33414 1.080040 0.001908397 0
1000 0.2196 107.9187 1.070472 0.0009541985 0
1000 0.2196 104.5813 1.077053 0.001908397 0
1000 0.219 97.54918 1.067907 0.001913876 0
1000 0.219 102.1509 1.066064 0 0
1000 0.219 103.5462 1.067574 0.0009569378 0
1000 0.219 101.0212 1.084267 0.0009569378 0
1000 0.219 99.29348 1.049753 0 0
1000 0.2182 104.1765 1.062982 0.0009606148 0
1000 0.2182 104.6436 1.028794 0 0
1000 0.2182 101.7415 1.072991 0.0009606148 0
1000 0.2182 107.6649 1.052156 0.0009606148 0
1000 0.2182 100.196 1.066088 0.001921230 0
1000 0.2194 99.51257 1.067894 0.0009551098 0
1000 0.2194 101.3865 1.037347 0.002865330 0
1000 0.2194 101.5045 1.057226 0 0
1000 0.2194 100.9586 1.086450 0.0009551098 0
1000 0.2194 107.5777 1.095396 0.001910220 0
%n density lambda lse TP FP 
1000 0.3138 105.3025 1.069154 0.0006583278 0
1000 0.3138 105.2531 1.102253 0.001316656 0
1000 0.3138 103.8882 1.091412 0.001316656 0
1000 0.3138 104.2373 1.071267 0.001974984 0
1000 0.3138 103.9316 1.093815 0.001316656 0
1000 0.3146 106.4746 1.097802 0.002626395 0
1000 0.3146 102.2452 1.081166 0.003939593 0
1000 0.3146 100.9736 1.033181 0.003282994 0
1000 0.3146 102.6655 1.067111 0.002626395 0
1000 0.3146 104.1805 1.113944 0.001969796 0
1000 0.3138 102.7966 1.069071 0.001316656 0
1000 0.3138 104.7080 1.076487 0.0006583278 0
1000 0.3138 102.5092 1.083739 0.0006583278 0
1000 0.3138 105.3633 1.091609 0.001974984 0
1000 0.3138 102.6362 1.081124 0.001316656 0
1000 0.3128 101.4956 1.081401 0.001981506 0
1000 0.3128 101.7387 1.071465 0.001321004 0
1000 0.3128 104.7609 1.082395 0.001321004 0
1000 0.3128 104.3651 1.081942 0 0
1000 0.3128 102.7149 1.086510 0 0
1000 0.3138 103.5783 1.063309 0.001316656 0
1000 0.3138 101.6320 1.091003 0.001316656 0
1000 0.3138 105.7199 1.101853 0.001316656 0
1000 0.3138 101.3018 1.097563 0.001974984 0
1000 0.3138 101.9988 1.078250 0.001316656 0
