%n density b lambda lse TP FP 
30 0.0614 1e+05 1 1.066527 0.09338521 0.07266141
30 0.0614 1e+05 1 1.046882 0.09338521 0.08523333
30 0.0614 1e+05 1 1.035443 0.1011673 0.07393991
30 0.0614 1e+05 1 1.070306 0.1439689 0.08779033
30 0.0614 1e+05 1 1.062392 0.07003891 0.07692308
30 0.0612 1e+05 1 1.046850 0.1289062 0.07264593
30 0.0612 1e+05 1 1.060827 0.1484375 0.07605454
30 0.0612 1e+05 1 1.051645 0.08203125 0.07051555
30 0.0612 1e+05 1 1.074536 0.1210938 0.07179378
30 0.0612 1e+05 1 1.052741 0.08984375 0.07392416
30 0.0616 1e+05 1 1.014212 0.09689922 0.07310315
30 0.0616 1e+05 1 1.078744 0.124031 0.08354646
30 0.0616 1e+05 1 1.057574 0.1007752 0.0786445
30 0.0616 1e+05 1 1.059388 0.1279070 0.07075874
30 0.0616 1e+05 1 1.047199 0.08139535 0.06223359
30 0.0614 1e+05 1 1.046477 0.06225681 0.07457916
30 0.0614 1e+05 1 1.080479 0.1439689 0.0874707
30 0.0614 1e+05 1 1.0656 0.1011673 0.06967824
30 0.0614 1e+05 1 1.069301 0.1011673 0.07479224
30 0.0614 1e+05 1 1.069202 0.04280156 0.06243341
30 0.0618 1e+05 1 1.077438 0.06949807 0.07205287
30 0.0618 1e+05 1 1.012163 0.0926641 0.05840972
30 0.0618 1e+05 1 1.054184 0.0965251 0.07716905
30 0.0618 1e+05 1 1.054257 0.08108108 0.07866127
30 0.0618 1e+05 1 1.053139 0.1235521 0.08804093
30 0.0614 20000 9 1.483965 0.57393 0.5931174
30 0.0614 20000 9 1.532621 0.5817121 0.6043043
30 0.0614 20000 12 1.541844 0.6420233 0.5943959
30 0.0614 20000 11 1.585751 0.6050584 0.5955679
30 0.0614 20000 12 1.516790 0.5953307 0.6003622
30 0.0612 20000 10 1.485276 0.6269531 0.58415
30 0.0612 20000 9 1.493971 0.6289062 0.5944823
30 0.0612 20000 12 1.516755 0.6484375 0.5932041
30 0.0612 20000 12 1.530917 0.6171875 0.5942693
30 0.0612 20000 9 1.500898 0.6289062 0.5992757
30 0.0616 20000 12 1.519517 0.620155 0.5866368
30 0.0616 20000 11 1.529341 0.6918605 0.5940963
30 0.0616 20000 11 1.487423 0.6492248 0.5903666
30 0.0616 20000 12 1.520114 0.618217 0.605925
30 0.0616 20000 12 1.580492 0.6085271 0.5959079
30 0.0614 20000 12 1.514813 0.5875486 0.5958875
30 0.0614 20000 10 1.514612 0.6128405 0.6010015
30 0.0614 20000 11 1.506705 0.6770428 0.5998295
30 0.0614 20000 9 1.543945 0.618677 0.5962071
30 0.0614 20000 11 1.507527 0.6011673 0.600895
30 0.0618 20000 10 1.515950 0.6447876 0.6001919
30 0.0618 20000 12 1.538158 0.6447876 0.5930505
30 0.0618 20000 10 1.548859 0.5868726 0.5879343
30 0.0618 20000 10 1.534798 0.6061776 0.5896397
30 0.0618 20000 12 1.536289 0.6351351 0.590599
30 0.0614 10000 10 1.521285 0.6128405 0.5842745
30 0.0614 10000 11 1.509326 0.5700389 0.6070744
30 0.0614 10000 10 1.567180 0.5894942 0.5888557
30 0.0614 10000 12 1.547628 0.6342412 0.5982314
30 0.0614 10000 12 1.532503 0.6167315 0.5980183
30 0.0612 10000 11 1.57033 0.6328125 0.598104
30 0.0612 10000 10 1.479549 0.6230469 0.592778
30 0.0612 10000 11 1.518995 0.5839844 0.5974648
30 0.0612 10000 12 1.573559 0.6328125 0.5958671
30 0.0612 10000 10 1.54787 0.5820312 0.5922454
30 0.0616 10000 10 1.540341 0.5581395 0.5939898
30 0.0616 10000 12 1.486953 0.5465116 0.591965
30 0.0616 10000 10 1.533402 0.5949612 0.5952685
30 0.0616 10000 10 1.498789 0.618217 0.5884484
30 0.0616 10000 11 1.493944 0.6375969 0.6012361
30 0.0614 10000 10 1.506325 0.6264591 0.5861922
30 0.0614 10000 10 1.524326 0.6692607 0.5877903
30 0.0614 10000 12 1.488033 0.6342412 0.5910931
30 0.0614 10000 12 1.467438 0.6536965 0.5905604
30 0.0614 10000 10 1.477832 0.6342412 0.5868315
30 0.0618 10000 11 1.563095 0.6467181 0.5993392
30 0.0618 10000 10 1.55324 0.6467181 0.5957152
30 0.0618 10000 10 1.558530 0.6119691 0.6024302
30 0.0618 10000 12 1.517991 0.6158301 0.5926242
30 0.0618 10000 10 1.535445 0.6640927 0.5988062
30 0.0614 2000 10 1.53125 0.5953307 0.5992968
30 0.0614 2000 10 1.532098 0.6361868 0.6180482
30 0.0614 2000 10 1.499661 0.5447471 0.6094183
30 0.0614 2000 10 1.520043 0.6536965 0.5987641
30 0.0614 2000 13 1.497906 0.618677 0.6068613
30 0.0612 2000 10 1.506186 0.6308594 0.6088624
30 0.0612 2000 11 1.509784 0.6152344 0.6050277
30 0.0612 2000 9 1.494559 0.6738281 0.6089689
30 0.0612 2000 9 1.573700 0.6171875 0.6086493
30 0.0612 2000 11 1.492492 0.6347656 0.609395
30 0.0616 2000 9 1.477706 0.631783 0.6069906
30 0.0616 2000 11 1.527318 0.618217 0.5977195
30 0.0616 2000 12 1.483747 0.5910853 0.6003836
30 0.0616 2000 9 1.484531 0.6666667 0.6035806
30 0.0616 2000 10 1.498922 0.6511628 0.610827
30 0.0614 2000 10 1.507713 0.614786 0.5947155
30 0.0614 2000 12 1.516189 0.6206226 0.6066482
30 0.0614 2000 10 1.455621 0.6361868 0.6071809
30 0.0614 2000 10 1.463223 0.6322957 0.6104837
30 0.0614 2000 9 1.496974 0.6225681 0.608779
30 0.0618 2000 9 1.502116 0.6138996 0.6069068
30 0.0618 2000 10 1.523473 0.5888031 0.610211
30 0.0618 2000 10 1.526228 0.6428571 0.6153272
30 0.0618 2000 9 1.491801 0.6138996 0.604029
30 0.0618 2000 9 1.501300 0.5791506 0.610211
30 0.0614 1000 11 1.467632 0.651751 0.603452
30 0.0614 1000 8 1.483452 0.6653696 0.6032389
30 0.0614 1000 7 1.484641 0.6439689 0.6040912
30 0.0614 1000 7 1.481506 0.5856031 0.601108
30 0.0614 1000 7 1.453029 0.6400778 0.607394
30 0.0612 1000 6 1.472007 0.6289062 0.6079037
30 0.0612 1000 11 1.533680 0.6152344 0.6054538
30 0.0612 1000 9 1.521531 0.6171875 0.606519
30 0.0612 1000 7 1.48882 0.609375 0.5988496
30 0.0612 1000 13 1.481667 0.6308594 0.6088624
30 0.0616 1000 8 1.482421 0.6627907 0.6072038
30 0.0616 1000 9 1.460337 0.618217 0.6102941
30 0.0616 1000 9 1.499849 0.627907 0.5977195
30 0.0616 1000 11 1.561511 0.5755814 0.5991049
30 0.0616 1000 7 1.501165 0.6065891 0.6135976
30 0.0614 1000 7 1.454498 0.651751 0.5980183
30 0.0614 1000 8 1.526738 0.6264591 0.6041977
30 0.0614 1000 7 1.532693 0.6089494 0.6039847
30 0.0614 1000 12 1.544814 0.6400778 0.6003622
30 0.0614 1000 7 1.481515 0.6400778 0.5981249
30 0.0618 1000 7 1.528098 0.6293436 0.602217
30 0.0618 1000 7 1.493150 0.5772201 0.6111703
30 0.0618 1000 9 1.496087 0.5907336 0.6178853
30 0.0618 1000 11 1.512834 0.6216216 0.5933703
30 0.0618 1000 10 1.520895 0.5559846 0.6031763
30 0.0614 200 10 1.432418 0.5797665 0.5340933
30 0.0614 200 10 1.463514 0.5389105 0.5428297
30 0.0614 200 12 1.400547 0.5603113 0.5438952
30 0.0614 200 10 1.438600 0.5330739 0.5312167
30 0.0614 200 10 1.376774 0.5447471 0.539527
30 0.0612 200 11 1.428102 0.5859375 0.5383468
30 0.0612 200 11 1.414323 0.546875 0.5352578
30 0.0612 200 14 1.422929 0.5507812 0.5432467
30 0.0612 200 11 1.408737 0.5351562 0.544951
30 0.0612 200 12 1.435032 0.5234375 0.5399446
30 0.0616 200 13 1.468858 0.5852713 0.5361253
30 0.0616 200 14 1.424220 0.6046512 0.5417732
30 0.0616 200 10 1.437180 0.5426357 0.5354859
30 0.0616 200 11 1.401467 0.5581395 0.5481671
30 0.0616 200 12 1.448005 0.5775194 0.5458227
30 0.0614 200 10 1.459263 0.6089494 0.5360111
30 0.0614 200 10 1.427093 0.6070039 0.5418709
30 0.0614 200 14 1.430366 0.5447471 0.534626
30 0.0614 200 11 1.43901 0.5291829 0.534626
30 0.0614 200 10 1.445488 0.5797665 0.5298317
30 0.0618 200 10 1.449720 0.5656371 0.536133
30 0.0618 200 10 1.401290 0.5637066 0.541036
30 0.0618 200 11 1.378751 0.546332 0.5438073
30 0.0618 200 11 1.385897 0.5637066 0.5340013
30 0.0618 200 11 1.361423 0.5733591 0.5337881
30 0.0614 100 10 1.333919 0.463035 0.4620712
30 0.0614 100 11 1.325809 0.5097276 0.4572768
30 0.0614 100 12 1.381788 0.4435798 0.4466226
30 0.0614 100 13 1.363615 0.5019455 0.4481142
30 0.0614 100 11 1.312723 0.4552529 0.4598338
30 0.0612 100 13 1.362091 0.4960938 0.4484448
30 0.0612 100 13 1.329452 0.4960938 0.4599489
30 0.0612 100 10 1.335433 0.5371094 0.4533447
30 0.0612 100 13 1.338589 0.5 0.4643161
30 0.0612 100 11 1.315718 0.5351562 0.4610141
30 0.0616 100 11 1.359848 0.5426357 0.4567349
30 0.0616 100 13 1.356249 0.4689922 0.4654731
30 0.0616 100 10 1.377598 0.4612403 0.4712276
30 0.0616 100 11 1.325077 0.5271318 0.4662191
30 0.0616 100 11 1.370672 0.4496124 0.4436275
30 0.0614 100 13 1.323545 0.5058366 0.4541871
30 0.0614 100 12 1.316045 0.4902724 0.4519497
30 0.0614 100 11 1.387305 0.4863813 0.4607927
30 0.0614 100 13 1.387836 0.4902724 0.4561048
30 0.0614 100 12 1.329848 0.4708171 0.4494993
30 0.0618 100 11 1.337928 0.4864865 0.4701556
30 0.0618 100 12 1.309865 0.4903475 0.470049
30 0.0618 100 12 1.286882 0.4710425 0.4599233
30 0.0618 100 14 1.327079 0.4285714 0.4623748
30 0.0618 100 10 1.355758 0.4864865 0.465146
30 0.2188 1e+05 1 1.055091 0.0914751 0.07475678
30 0.2188 1e+05 1 1.092299 0.1053640 0.08499744
30 0.2188 1e+05 1 1.083586 0.09099617 0.07795699
30 0.2188 1e+05 1 1.089200 0.09482759 0.07936508
30 0.2188 1e+05 1 1.073415 0.09195402 0.07142857
30 0.2196 1e+05 1 1.114987 0.1135496 0.1004613
30 0.2196 1e+05 1 1.091383 0.1049618 0.08252178
30 0.2196 1e+05 1 1.054435 0.1011450 0.07124552
30 0.2196 1e+05 1 1.097607 0.1326336 0.09123526
30 0.2196 1e+05 1 1.081081 0.1020992 0.08175295
30 0.219 1e+05 1 1.103798 0.1062201 0.0787452
30 0.219 1e+05 1 1.061921 0.1186603 0.08015365
30 0.219 1e+05 1 1.120351 0.1349282 0.09270166
30 0.219 1e+05 1 1.122044 0.1071770 0.08809219
30 0.219 1e+05 1 1.117701 0.09952153 0.07528809
30 0.2182 1e+05 1 1.094174 0.1047070 0.08518803
30 0.2182 1e+05 1 1.125283 0.1027858 0.08007163
30 0.2182 1e+05 1 1.080775 0.07877041 0.07930417
30 0.2182 1e+05 1 1.129471 0.1152738 0.0836531
30 0.2182 1e+05 1 1.085036 0.1162344 0.08595549
30 0.2194 1e+05 1 1.112059 0.1107927 0.08403792
30 0.2194 1e+05 1 1.119538 0.1127030 0.07532667
30 0.2194 1e+05 1 1.122025 0.1098376 0.09172431
30 0.2194 1e+05 1 1.107807 0.1136581 0.08839354
30 0.2194 1e+05 1 1.103973 0.1212989 0.08070715
30 0.2188 20000 12 1.55893 0.5909962 0.5887097
30 0.2188 20000 13 1.612003 0.6245211 0.5873016
30 0.2188 20000 10 1.500936 0.5871648 0.5962622
30 0.2188 20000 9 1.568071 0.6015326 0.5908858
30 0.2188 20000 10 1.549296 0.6010536 0.5979263
30 0.2196 20000 10 1.589345 0.6192748 0.5927729
30 0.2196 20000 9 1.59537 0.591126 0.5917478
30 0.2196 20000 12 1.543378 0.6016221 0.5949513
30 0.2196 20000 9 1.559018 0.6149809 0.5963608
30 0.2196 20000 10 1.549671 0.5944656 0.594695
30 0.219 20000 10 1.506495 0.5904306 0.5982074
30 0.219 20000 10 1.575737 0.6133971 0.5948784
30 0.219 20000 10 1.510296 0.6043062 0.5943662
30 0.219 20000 10 1.589583 0.6248804 0.5951344
30 0.219 20000 12 1.529716 0.607177 0.6005122
30 0.2182 20000 12 1.510611 0.6349664 0.5860834
30 0.2182 20000 11 1.586455 0.610951 0.5958046
30 0.2182 20000 12 1.606888 0.6147935 0.5975953
30 0.2182 20000 9 1.525369 0.5821326 0.6130724
30 0.2182 20000 10 1.552775 0.5970221 0.6115375
30 0.2194 20000 12 1.546887 0.6165234 0.5954394
30 0.2194 20000 9 1.627156 0.5983763 0.5926211
30 0.2194 20000 11 1.486180 0.595511 0.5965924
30 0.2194 20000 9 1.563915 0.6327603 0.5977453
30 0.2194 20000 11 1.574603 0.5921681 0.5969767
30 0.2188 10000 11 1.608205 0.5847701 0.6018945
30 0.2188 10000 10 1.587671 0.5876437 0.59319
30 0.2188 10000 10 1.560090 0.6015326 0.5906298
30 0.2188 10000 11 1.533789 0.6163793 0.5876856
30 0.2188 10000 11 1.55958 0.6015326 0.5954941
30 0.2196 10000 12 1.548969 0.6340649 0.5834188
30 0.2196 10000 12 1.582011 0.5873092 0.5922604
30 0.2196 10000 12 1.548648 0.6025763 0.5905946
30 0.2196 10000 11 1.529529 0.6030534 0.5936699
30 0.2196 10000 12 1.575636 0.5854008 0.6003332
30 0.219 10000 10 1.564457 0.6033493 0.587452
30 0.219 10000 10 1.575746 0.6066986 0.5921895
30 0.219 10000 11 1.562035 0.5976077 0.5820743
30 0.219 10000 10 1.538243 0.5799043 0.5966709
30 0.219 10000 13 1.566177 0.615311 0.5925736
30 0.2182 10000 10 1.564119 0.6119116 0.5897928
30 0.2182 10000 10 1.551407 0.6003842 0.5862113
30 0.2182 10000 10 1.550103 0.6095101 0.588002
30 0.2182 10000 11 1.524915 0.6018252 0.5813507
30 0.2182 10000 10 1.567134 0.5946206 0.599514
30 0.2194 10000 10 1.499890 0.6260745 0.586472
30 0.2194 10000 12 1.558623 0.6007641 0.5894184
30 0.2194 10000 10 1.541845 0.6007641 0.5905714
30 0.2194 10000 10 1.57665 0.5859599 0.5953113
30 0.2194 10000 10 1.541338 0.625597 0.5804509
30 0.2188 2000 11 1.509881 0.6254789 0.6018945
30 0.2188 2000 9 1.535818 0.6302682 0.6024066
30 0.2188 2000 12 1.539119 0.6211686 0.5967742
30 0.2188 2000 12 1.595753 0.6130268 0.6050947
30 0.2188 2000 11 1.508569 0.6154215 0.6020225
30 0.2196 2000 10 1.532443 0.5935115 0.6093029
30 0.2196 2000 9 1.512739 0.6211832 0.6016146
30 0.2196 2000 9 1.541962 0.6145038 0.6076371
30 0.2196 2000 12 1.518712 0.6135496 0.6003332
30 0.2196 2000 9 1.527165 0.6302481 0.6123783
30 0.219 2000 11 1.533264 0.6191388 0.5944942
30 0.219 2000 10 1.569496 0.5990431 0.6043534
30 0.219 2000 10 1.498096 0.6191388 0.5980794
30 0.219 2000 9 1.474047 0.6057416 0.6037132
30 0.219 2000 12 1.492977 0.6258373 0.5975672
30 0.2182 2000 10 1.522548 0.6229587 0.5992581
30 0.2182 2000 10 1.536832 0.6066282 0.5996419
30 0.2182 2000 12 1.502216 0.6200768 0.6039908
30 0.2182 2000 12 1.499633 0.604707 0.6056536
30 0.2182 2000 12 1.544663 0.6023055 0.6030954
30 0.2194 2000 10 1.561320 0.6103152 0.6023572
30 0.2194 2000 11 1.534423 0.5883477 0.6115808
30 0.2194 2000 10 1.533837 0.6112703 0.6056879
30 0.2194 2000 10 1.496435 0.608405 0.6136305
30 0.2194 2000 9 1.595474 0.6150907 0.6155521
30 0.2188 1000 8 1.518179 0.5972222 0.6053507
30 0.2188 1000 9 1.552293 0.5842912 0.6061188
30 0.2188 1000 9 1.596209 0.6125479 0.6027906
30 0.2188 1000 9 1.559469 0.6345785 0.6029186
30 0.2188 1000 10 1.486402 0.5933908 0.6052227
30 0.2196 1000 7 1.523353 0.6273855 0.5905946
30 0.2196 1000 12 1.509925 0.6307252 0.6087904
30 0.2196 1000 8 1.520906 0.6044847 0.5961046
30 0.2196 1000 7 1.598536 0.6326336 0.5981548
30 0.2196 1000 7 1.527706 0.6140267 0.5959764
30 0.219 1000 12 1.583451 0.6076555 0.593726
30 0.219 1000 12 1.523447 0.6157895 0.6
30 0.219 1000 7 1.509765 0.6110048 0.5955186
30 0.219 1000 8 1.559865 0.631579 0.5996159
30 0.219 1000 7 1.468531 0.6009569 0.5982074
30 0.2182 1000 10 1.559141 0.5975024 0.5966999
30 0.2182 1000 10 1.493118 0.6133525 0.61077
30 0.2182 1000 7 1.477391 0.6080692 0.6075723
30 0.2182 1000 9 1.546043 0.6032661 0.5932464
30 0.2182 1000 12 1.564263 0.6191162 0.5958046
30 0.2194 1000 7 1.529538 0.5945559 0.6027415
30 0.2194 1000 7 1.516861 0.6146132 0.6100436
30 0.2194 1000 12 1.560399 0.6122254 0.5967205
30 0.2194 1000 7 1.493485 0.617001 0.5967205
30 0.2194 1000 6 1.566266 0.6074499 0.5969767
30 0.2188 200 12 1.486146 0.5579502 0.5236815
30 0.2188 200 14 1.409483 0.5450192 0.5345622
30 0.2188 200 10 1.519468 0.5502874 0.5427547
30 0.2188 200 10 1.496167 0.5622605 0.5385305
30 0.2188 200 11 1.438988 0.5565134 0.5422427
30 0.2196 200 12 1.481408 0.5839695 0.5408765
30 0.2196 200 11 1.507270 0.5458015 0.5375448
30 0.2196 200 13 1.473984 0.5811069 0.5317786
30 0.2196 200 14 1.498778 0.5653626 0.5293439
30 0.2196 200 10 1.456685 0.5424618 0.5240902
30 0.219 200 13 1.453690 0.5660287 0.5427657
30 0.219 200 13 1.500849 0.5655502 0.5413572
30 0.219 200 13 1.461559 0.5507177 0.5551857
30 0.219 200 14 1.454589 0.5574163 0.5256082
30 0.219 200 12 1.484734 0.5861244 0.5434059
30 0.2182 200 11 1.423610 0.5662824 0.5401637
30 0.2182 200 13 1.468219 0.5614793 0.5569199
30 0.2182 200 14 1.436956 0.5475504 0.5452801
30 0.2182 200 10 1.464290 0.5528338 0.5464313
30 0.2182 200 10 1.453966 0.5590778 0.5376055
30 0.2194 200 12 1.452428 0.5425024 0.5380477
30 0.2194 200 13 1.496121 0.5253104 0.539713
30 0.2194 200 13 1.473664 0.5339064 0.5363823
30 0.2194 200 12 1.411037 0.5544413 0.5339482
30 0.2194 200 11 1.457697 0.5510984 0.5426595
30 0.2188 100 10 1.300623 0.48659 0.4650538
30 0.2188 100 13 1.401582 0.4492337 0.4494368
30 0.2188 100 10 1.412984 0.4952107 0.4612135
30 0.2188 100 12 1.379206 0.4885057 0.452509
30 0.2188 100 13 1.381742 0.4616858 0.4555812
30 0.2196 100 12 1.333142 0.4818702 0.4662993
30 0.2196 100 13 1.373266 0.5229008 0.4609175
30 0.2196 100 13 1.400150 0.4627863 0.4643772
30 0.2196 100 10 1.385182 0.4833015 0.458611
30 0.2196 100 11 1.365415 0.4875954 0.464121
30 0.219 100 10 1.373794 0.5239234 0.4428937
30 0.219 100 10 1.311379 0.4909091 0.4674776
30 0.219 100 13 1.376004 0.4822967 0.4615877
30 0.219 100 12 1.358365 0.4665072 0.4617157
30 0.219 100 14 1.375605 0.4751196 0.4478873
30 0.2182 100 10 1.387916 0.4889529 0.4669992
30 0.2182 100 14 1.364510 0.4707012 0.4419289
30 0.2182 100 12 1.374609 0.4534102 0.4608596
30 0.2182 100 10 1.377820 0.4822286 0.4640573
30 0.2182 100 10 1.393080 0.4759846 0.4643131
30 0.2194 100 12 1.368709 0.4971347 0.4647707
30 0.2194 100 12 1.359224 0.5066858 0.4554189
30 0.2194 100 13 1.444672 0.5014327 0.4552908
30 0.2194 100 10 1.345051 0.4928367 0.459134
30 0.2194 100 10 1.361230 0.465616 0.4600307
30 0.3138 1e+05 1 1.090652 0.1059908 0.0813174
30 0.3138 1e+05 1 1.136103 0.0994075 0.07432235
30 0.3138 1e+05 1 1.128556 0.1000658 0.084232
30 0.3138 1e+05 1 1.130478 0.0921659 0.07461382
30 0.3138 1e+05 1 1.167216 0.1086241 0.0886039
30 0.3146 1e+05 1 1.113670 0.1024294 0.08549752
30 0.3146 1e+05 1 1.087790 0.08929744 0.08403852
30 0.3146 1e+05 1 1.114216 0.1089954 0.08899912
30 0.3146 1e+05 1 1.091092 0.09520683 0.08462212
30 0.3146 1e+05 1 1.092407 0.09980302 0.09191713
30 0.3138 1e+05 1 1.098809 0.08953259 0.08306616
30 0.3138 1e+05 1 1.125907 0.09479921 0.07956864
30 0.3138 1e+05 1 1.091783 0.1296906 0.08772952
30 0.3138 1e+05 1 1.112844 0.09743252 0.0798601
30 0.3138 1e+05 1 1.080251 0.1125741 0.08598076
30 0.3128 1e+05 1 1.106966 0.1360634 0.09051222
30 0.3128 1e+05 1 1.148327 0.09445178 0.08818393
30 0.3128 1e+05 1 1.119292 0.1122853 0.09633295
30 0.3128 1e+05 1 1.119108 0.09511229 0.06955763
30 0.3128 1e+05 1 1.144692 0.1076618 0.08236321
30 0.3138 1e+05 1 1.106239 0.1105991 0.1002623
30 0.3138 1e+05 1 1.090442 0.1040158 0.09880501
30 0.3138 1e+05 1 1.137124 0.1138907 0.09239289
30 0.3138 1e+05 1 1.140752 0.1165240 0.09589041
30 0.3138 1e+05 1 1.109225 0.09414088 0.08802099
30 0.3138 20000 9 1.542751 0.6191573 0.5887496
30 0.3138 20000 12 1.555527 0.620474 0.582046
30 0.3138 20000 9 1.573436 0.618499 0.5861265
30 0.3138 20000 9 1.559368 0.6082949 0.5872923
30 0.3138 20000 10 1.578949 0.5878868 0.5884582
30 0.3146 20000 12 1.559649 0.5994747 0.5840385
30 0.3146 20000 9 1.571737 0.5915955 0.5868106
30 0.3146 20000 9 1.555511 0.6106369 0.5795156
30 0.3146 20000 9 1.557218 0.583388 0.5946892
30 0.3146 20000 10 1.560319 0.6283651 0.5830172
30 0.3138 20000 11 1.595788 0.5947992 0.5928301
30 0.3138 20000 11 1.545421 0.5961159 0.595599
30 0.3138 20000 11 1.588338 0.6030283 0.5872923
30 0.3138 20000 9 1.560247 0.5957867 0.5909356
30 0.3138 20000 12 1.588675 0.5875576 0.5883124
30 0.3128 20000 12 1.573206 0.6020476 0.5985157
30 0.3128 20000 13 1.532040 0.6079921 0.5922584
30 0.3128 20000 12 1.572526 0.596103 0.5938591
30 0.3128 20000 11 1.514154 0.6188904 0.5945867
30 0.3128 20000 10 1.556352 0.5891678 0.5947322
30 0.3138 20000 11 1.512415 0.6033575 0.6031769
30 0.3138 20000 11 1.585332 0.6050033 0.5967648
30 0.3138 20000 10 1.524831 0.5957867 0.5845235
30 0.3138 20000 10 1.595915 0.6158657 0.5945788
30 0.3138 20000 10 1.559657 0.5915076 0.6053629
30 0.3138 10000 12 1.547678 0.5957867 0.5990965
30 0.3138 10000 11 1.580667 0.6112574 0.5910813
30 0.3138 10000 10 1.604929 0.6059908 0.5992422
30 0.3138 10000 12 1.605680 0.6105991 0.5953075
30 0.3138 10000 12 1.557659 0.6109282 0.5830662
30 0.3146 10000 12 1.549985 0.6103086 0.5945433
30 0.3146 10000 11 1.515225 0.5889691 0.5938138
30 0.3146 10000 10 1.556227 0.5863427 0.5895827
30 0.3146 10000 10 1.549014 0.6040709 0.5938138
30 0.3146 10000 10 1.544774 0.5929087 0.5939597
30 0.3138 10000 10 1.572561 0.6059908 0.5897697
30 0.3138 10000 12 1.574998 0.5994075 0.5906441
30 0.3138 10000 12 1.606598 0.5957867 0.5807345
30 0.3138 10000 11 1.582010 0.6050033 0.5813174
30 0.3138 10000 11 1.555819 0.5898618 0.5939959
30 0.3128 10000 10 1.570785 0.6202114 0.5867288
30 0.3128 10000 12 1.571295 0.581572 0.5960419
30 0.3128 10000 11 1.513054 0.6066711 0.5817811
30 0.3128 10000 10 1.516946 0.6096433 0.5899302
30 0.3128 10000 12 1.579668 0.6106341 0.5942957
30 0.3138 10000 10 1.517096 0.6250823 0.5878753
30 0.3138 10000 10 1.502235 0.5928242 0.5890411
30 0.3138 10000 12 1.574389 0.60237 0.5932673
30 0.3138 10000 12 1.566182 0.5967742 0.5969105
30 0.3138 10000 12 1.513115 0.600395 0.5915185
30 0.3138 2000 11 1.540779 0.6362739 0.6097348
30 0.3138 2000 9 1.609871 0.6132324 0.6097348
30 0.3138 2000 12 1.574137 0.6010533 0.6018653
30 0.3138 2000 12 1.507713 0.6135616 0.5913728
30 0.3138 2000 9 1.545138 0.6237656 0.6046342
30 0.3146 2000 11 1.550369 0.6165463 0.5997957
30 0.3146 2000 10 1.464741 0.6188444 0.600963
30 0.3146 2000 11 1.558453 0.6168746 0.6027137
30 0.3146 2000 12 1.575131 0.6388707 0.6044645
30 0.3146 2000 9 1.593678 0.6135916 0.6049022
30 0.3138 2000 12 1.56233 0.5990783 0.6017196
30 0.3138 2000 10 1.532657 0.5905201 0.6116293
30 0.3138 2000 10 1.574524 0.6089533 0.6078403
30 0.3138 2000 12 1.520218 0.6152074 0.609589
30 0.3138 2000 9 1.537463 0.6132324 0.593413
30 0.3128 2000 10 1.550788 0.6063408 0.6027357
30 0.3128 2000 9 1.514562 0.6046896 0.601135
30 0.3128 2000 9 1.534467 0.602708 0.5992433
30 0.3128 2000 12 1.602555 0.6251651 0.5996799
30 0.3128 2000 12 1.547587 0.6043593 0.6033178
30 0.3138 2000 10 1.532445 0.6257406 0.60478
30 0.3138 2000 12 1.505976 0.6283739 0.5990965
30 0.3138 2000 9 1.604404 0.6119157 0.6015739
30 0.3138 2000 9 1.511440 0.6175115 0.6098805
30 0.3138 2000 11 1.533489 0.5895326 0.6055086
30 0.3138 1000 11 1.561786 0.5941409 0.5986593
30 0.3138 1000 11 1.585353 0.614549 0.597202
30 0.3138 1000 10 1.50726 0.6277156 0.5836491
30 0.3138 1000 9 1.545701 0.6086241 0.5990965
30 0.3138 1000 9 1.547282 0.6040158 0.6039056
30 0.3146 1000 9 1.555624 0.5830598 0.6091334
30 0.3146 1000 12 1.542413 0.6021011 0.5968777
30 0.3146 1000 9 1.510839 0.6103086 0.6046104
30 0.3146 1000 10 1.566157 0.5981615 0.5927925
30 0.3146 1000 9 1.557298 0.5873276 0.6085498
30 0.3138 1000 9 1.517172 0.5977617 0.5969105
30 0.3138 1000 7 1.532168 0.6105991 0.6060915
30 0.3138 1000 12 1.517994 0.5987492 0.5931215
30 0.3138 1000 12 1.57821 0.6211323 0.6081317
30 0.3138 1000 10 1.538060 0.6247531 0.5921014
30 0.3128 1000 9 1.545776 0.6003963 0.6149593
30 0.3128 1000 10 1.571919 0.6033686 0.5982247
30 0.3128 1000 12 1.526645 0.6116248 0.5910943
30 0.3128 1000 8 1.548727 0.5984148 0.6078289
30 0.3128 1000 12 1.565453 0.6162483 0.589057
30 0.3138 1000 9 1.553731 0.6336406 0.6116293
30 0.3138 1000 9 1.582984 0.6076366 0.6092976
30 0.3138 1000 11 1.550346 0.6040158 0.6082775
30 0.3138 1000 8 1.536877 0.5990783 0.606383
30 0.3138 1000 9 1.55174 0.616524 0.5926843
30 0.3138 200 11 1.465132 0.5371955 0.5361411
30 0.3138 200 10 1.464989 0.5612245 0.5485281
30 0.3138 200 10 1.464433 0.542133 0.5451763
30 0.3138 200 10 1.497343 0.5533246 0.5393471
30 0.3138 200 13 1.453272 0.5450955 0.5322064
30 0.3146 200 10 1.512721 0.5502298 0.5461045
30 0.3146 200 10 1.484422 0.558109 0.5354537
30 0.3146 200 11 1.564681 0.5666448 0.5237817
30 0.3146 200 11 1.477887 0.564675 0.5372046
30 0.3146 200 13 1.447646 0.5725542 0.5426029
30 0.3138 200 13 1.458060 0.5529954 0.531332
30 0.3138 200 11 1.506598 0.5447663 0.53993
30 0.3138 200 12 1.495173 0.5464121 0.5204022
30 0.3138 200 13 1.498065 0.5664911 0.5428447
30 0.3138 200 11 1.457639 0.5645161 0.5368697
30 0.3128 200 11 1.453772 0.5492074 0.535943
30 0.3128 200 12 1.420654 0.517173 0.5394354
30 0.3128 200 13 1.444286 0.5492074 0.5451106
30 0.3128 200 12 1.504470 0.5449141 0.5371071
30 0.3128 200 10 1.452817 0.5525099 0.5366705
30 0.3138 200 10 1.503781 0.5615537 0.5284174
30 0.3138 200 10 1.433832 0.544108 0.5412416
30 0.3138 200 10 1.501006 0.5470704 0.545905
30 0.3138 200 11 1.466288 0.5516787 0.5460507
30 0.3138 200 10 1.504786 0.5398288 0.5341008
30 0.3138 100 13 1.373472 0.479921 0.4640047
30 0.3138 100 13 1.385008 0.5052666 0.4631303
30 0.3138 100 11 1.353671 0.4865043 0.4622559
30 0.3138 100 13 1.406820 0.4746544 0.463276
30 0.3138 100 11 1.373295 0.4730086 0.4523463
30 0.3146 100 10 1.411771 0.4885095 0.4608987
30 0.3146 100 12 1.376893 0.4885095 0.4741757
30 0.3146 100 11 1.389685 0.4766907 0.467902
30 0.3146 100 10 1.374140 0.4786605 0.4544791
30 0.3146 100 11 1.400571 0.4894944 0.4420776
30 0.3138 100 11 1.395026 0.4743252 0.4532206
30 0.3138 100 12 1.402653 0.4842001 0.4605071
30 0.3138 100 14 1.389122 0.4878209 0.4605071
30 0.3138 100 12 1.388611 0.441738 0.4701253
30 0.3138 100 11 1.386482 0.514154 0.4669193
30 0.3128 100 12 1.367286 0.4828269 0.455326
30 0.3128 100 10 1.376746 0.4778732 0.4687136
30 0.3128 100 11 1.396849 0.484148 0.4492142
30 0.3128 100 12 1.380731 0.48679 0.4448487
30 0.3128 100 11 1.445030 0.4775429 0.4547439
30 0.3138 100 11 1.379501 0.4891376 0.4723113
30 0.3138 100 12 1.363169 0.4858460 0.4485573
30 0.3138 100 11 1.395708 0.4614878 0.4355873
30 0.3138 100 12 1.316794 0.4710336 0.4587584
30 0.3138 100 12 1.391384 0.4914417 0.4575925
50 0.0614 1e+05 1 1.054672 0.2178988 0.1367995
50 0.0614 1e+05 1 1.071292 0.1867704 0.1478798
50 0.0614 1e+05 1 1.085958 0.1906615 0.1459621
50 0.0614 1e+05 1 1.066919 0.2023346 0.1536331
50 0.0614 1e+05 1 1.084064 0.2140078 0.1425527
50 0.0612 1e+05 1 1.085492 0.2734375 0.1561568
50 0.0612 1e+05 1 1.107819 0.1757812 0.1550916
50 0.0612 1e+05 1 1.090529 0.2460938 0.1582872
50 0.0612 1e+05 1 1.097736 0.1796875 0.1581807
50 0.0612 1e+05 1 1.085479 0.2265625 0.1497657
50 0.0616 1e+05 1 1.057024 0.1782946 0.1562234
50 0.0616 1e+05 1 1.103272 0.2558140 0.1416240
50 0.0616 1e+05 1 1.066189 0.1976744 0.1594203
50 0.0616 1e+05 1 1.070181 0.2248062 0.1581415
50 0.0616 1e+05 1 1.068368 0.1434109 0.1459932
50 0.0614 1e+05 1 1.068036 0.2023346 0.1455359
50 0.0614 1e+05 1 1.065371 0.2062257 0.1410612
50 0.0614 1e+05 1 1.090357 0.2023346 0.1472406
50 0.0614 1e+05 1 1.050705 0.1750973 0.1419135
50 0.0614 1e+05 1 1.064979 0.2023346 0.1665246
50 0.0618 1e+05 1 1.075581 0.2277992 0.1545513
50 0.0618 1e+05 1 1.046204 0.2123552 0.1598806
50 0.0618 1e+05 1 1.029268 0.1776062 0.137071
50 0.0618 1e+05 1 1.076114 0.2007722 0.1473033
50 0.0618 1e+05 1 1.062538 0.1737452 0.1300362
50 0.0614 20000 9 2.048782 0.8210117 0.8033241
50 0.0614 20000 12 2.128380 0.8287938 0.8040699
50 0.0614 20000 10 2.085557 0.8501946 0.8087577
50 0.0614 20000 10 2.056067 0.7996109 0.8037503
50 0.0614 20000 12 2.082242 0.8093385 0.7972512
50 0.0612 20000 11 1.984999 0.8359375 0.80049
50 0.0612 20000 9 2.028631 0.8378906 0.8023008
50 0.0612 20000 9 2.088064 0.8144531 0.8025138
50 0.0612 20000 9 2.094503 0.7832031 0.8081594
50 0.0612 20000 9 2.011739 0.8242188 0.8076268
50 0.0616 20000 12 2.036319 0.8410853 0.8012575
50 0.0616 20000 10 2.085508 0.7732558 0.8039216
50 0.0616 20000 9 1.999945 0.7984496 0.8024297
50 0.0616 20000 10 2.079915 0.8275194 0.8039216
50 0.0616 20000 9 2.096244 0.7732558 0.8053069
50 0.0614 20000 12 1.994421 0.803502 0.8025783
50 0.0614 20000 10 2.046441 0.7548638 0.8058811
50 0.0614 20000 10 2.018824 0.8190661 0.8126998
50 0.0614 20000 10 2.128655 0.770428 0.8036437
50 0.0614 20000 13 2.033191 0.811284 0.805455
50 0.0618 20000 12 2.05059 0.8185328 0.8068642
50 0.0618 20000 11 2.09132 0.8185328 0.7979109
50 0.0618 20000 9 2.084424 0.8146718 0.8045193
50 0.0618 20000 10 2.061399 0.8359073 0.8055852
50 0.0618 20000 12 1.963905 0.8436293 0.8061181
50 0.0614 10000 10 2.074311 0.7996109 0.8016194
50 0.0614 10000 11 2.070034 0.7840467 0.8025783
50 0.0614 10000 12 2.109453 0.85214 0.8023652
50 0.0614 10000 12 2.012067 0.7898833 0.795227
50 0.0614 10000 12 2.01473 0.8171206 0.805455
50 0.0612 10000 11 2.127392 0.8027344 0.8059225
50 0.0612 10000 10 2.077514 0.8105469 0.7960162
50 0.0612 10000 10 2.045073 0.8378906 0.8070942
50 0.0612 10000 9 1.973114 0.8203125 0.8014487
50 0.0612 10000 12 2.032150 0.828125 0.8080528
50 0.0616 10000 10 2.044204 0.8139535 0.8043478
50 0.0616 10000 12 2.116456 0.8352713 0.8012575
50 0.0616 10000 9 2.144128 0.8275194 0.801364
50 0.0616 10000 11 2.081014 0.8236434 0.7921995
50 0.0616 10000 12 2.057970 0.7926357 0.7995524
50 0.0614 10000 13 2.050953 0.8229572 0.8040699
50 0.0614 10000 10 2.022347 0.7898833 0.8039633
50 0.0614 10000 12 2.113834 0.8151751 0.8050288
50 0.0614 10000 11 2.152978 0.7645914 0.797784
50 0.0614 10000 10 2.053533 0.8346304 0.8071596
50 0.0618 10000 12 1.942067 0.8146718 0.8046259
50 0.0618 10000 12 2.126272 0.8532819 0.8104882
50 0.0618 10000 10 2.082613 0.7876448 0.7976977
50 0.0618 10000 12 2.060818 0.8185328 0.7972714
50 0.0618 10000 10 2.092443 0.8030888 0.808996
50 0.0614 2000 10 1.951583 0.844358 0.8020456
50 0.0614 2000 11 2.083462 0.807393 0.8077988
50 0.0614 2000 8 1.980646 0.7723735 0.8037503
50 0.0614 2000 8 2.00149 0.85214 0.8040699
50 0.0614 2000 10 1.986839 0.7957198 0.8104624
50 0.0612 2000 9 1.991361 0.78125 0.8109288
50 0.0612 2000 8 2.037984 0.7832031 0.8049638
50 0.0612 2000 9 2.030436 0.7988281 0.8135918
50 0.0612 2000 11 2.013118 0.8261719 0.8014487
50 0.0612 2000 9 1.926560 0.7832031 0.811994
50 0.0616 2000 12 1.986435 0.8003876 0.8044544
50 0.0616 2000 12 2.108964 0.7829457 0.8040281
50 0.0616 2000 12 2.072125 0.8081395 0.8080776
50 0.0616 2000 7 2.050816 0.8081395 0.8044544
50 0.0616 2000 9 1.946111 0.8313953 0.8077579
50 0.0614 2000 9 2.023205 0.8424125 0.8001278
50 0.0614 2000 11 2.011473 0.7957198 0.7970381
50 0.0614 2000 11 1.986354 0.8132296 0.8092904
50 0.0614 2000 9 2.047970 0.7587549 0.8120605
50 0.0614 2000 10 2.079222 0.8501946 0.8053484
50 0.0618 2000 10 2.040485 0.8108108 0.8037732
50 0.0618 2000 10 2.020116 0.8146718 0.8103816
50 0.0618 2000 9 1.967774 0.7683398 0.8125133
50 0.0618 2000 7 2.045834 0.8281853 0.7996163
50 0.0618 2000 11 2.042253 0.7934363 0.8072906
50 0.0614 1000 7 1.843790 0.8190661 0.792883
50 0.0614 1000 6 1.996891 0.7937743 0.7972512
50 0.0614 1000 7 1.941585 0.7684825 0.7854251
50 0.0614 1000 7 1.953357 0.8287938 0.7970381
50 0.0614 1000 6 1.895364 0.7801556 0.7844662
50 0.0612 1000 6 1.934698 0.8125 0.7966553
50 0.0612 1000 6 1.978212 0.8066406 0.8015552
50 0.0612 1000 6 1.935720 0.7871094 0.786749
50 0.0612 1000 7 2.002071 0.8046875 0.7921815
50 0.0612 1000 7 1.864946 0.8164062 0.7993183
50 0.0616 1000 6 2.009456 0.7906977 0.7925192
50 0.0616 1000 9 1.958736 0.7984496 0.7875107
50 0.0616 1000 6 1.97265 0.8275194 0.8002984
50 0.0616 1000 6 1.907549 0.8178295 0.7990196
50 0.0616 1000 6 1.976568 0.8081395 0.8008312
50 0.0614 1000 6 1.921792 0.8054475 0.7944811
50 0.0614 1000 10 1.890216 0.807393 0.7945877
50 0.0614 1000 6 1.973701 0.8287938 0.7994886
50 0.0614 1000 11 1.931679 0.8190661 0.8085446
50 0.0614 1000 6 1.880187 0.8287938 0.8036437
50 0.0618 1000 6 1.975984 0.8359073 0.7982307
50 0.0618 1000 6 1.945651 0.7915058 0.8002558
50 0.0618 1000 7 1.946677 0.7953668 0.7940738
50 0.0618 1000 7 1.969391 0.8146718 0.7908761
50 0.0618 1000 6 2.011266 0.8204633 0.7868258
50 0.0614 200 7 1.666993 0.7140078 0.7037076
50 0.0614 200 13 1.657718 0.7626459 0.707117
50 0.0614 200 11 1.625937 0.6575875 0.6967824
50 0.0614 200 12 1.623124 0.7431907 0.7061581
50 0.0614 200 10 1.666894 0.7412451 0.7037076
50 0.0612 200 13 1.596697 0.7382812 0.6948232
50 0.0612 200 13 1.624056 0.7441406 0.7031317
50 0.0612 200 10 1.607313 0.6875 0.6875799
50 0.0612 200 10 1.565453 0.7382812 0.6985513
50 0.0612 200 11 1.575049 0.7480469 0.7037708
50 0.0616 200 13 1.603434 0.6782946 0.7021526
50 0.0616 200 12 1.59673 0.6782946 0.7017263
50 0.0616 200 11 1.662795 0.7751938 0.7050298
50 0.0616 200 14 1.611706 0.6860465 0.7063086
50 0.0616 200 12 1.655522 0.7054264 0.7048167
50 0.0614 200 13 1.608328 0.7062257 0.7077562
50 0.0614 200 11 1.651778 0.6848249 0.7107394
50 0.0614 200 11 1.599611 0.7626459 0.7131899
50 0.0614 200 10 1.671465 0.7587549 0.7087151
50 0.0614 200 11 1.627412 0.7354086 0.6991264
50 0.0618 200 11 1.596481 0.6756757 0.7011298
50 0.0618 200 12 1.571533 0.6833977 0.7060328
50 0.0618 200 12 1.640829 0.6679537 0.7033682
50 0.0618 200 13 1.623081 0.6988417 0.7074185
50 0.0618 200 13 1.642896 0.7142857 0.6991047
50 0.0614 100 7 1.398200 0.6692607 0.6084594
50 0.0614 100 8 1.393113 0.6031128 0.6017473
50 0.0614 100 7 1.456396 0.6264591 0.606009
50 0.0614 100 6 1.480515 0.6731518 0.5994034
50 0.0614 100 8 1.475738 0.610895 0.6159173
50 0.0612 100 9 1.428538 0.6679688 0.6080102
50 0.0612 100 7 1.462223 0.5703125 0.6074776
50 0.0612 100 8 1.461973 0.6289062 0.5989561
50 0.0612 100 8 1.403001 0.5742188 0.6089689
50 0.0612 100 12 1.439201 0.65625 0.5975714
50 0.0616 100 10 1.423704 0.6550388 0.6020887
50 0.0616 100 8 1.418484 0.6027132 0.6069906
50 0.0616 100 13 1.406536 0.6589147 0.620844
50 0.0616 100 7 1.438553 0.6550388 0.6097613
50 0.0616 100 9 1.456362 0.622093 0.6091219
50 0.0614 100 8 1.442694 0.6731518 0.5987641
50 0.0614 100 12 1.495252 0.6848249 0.6084594
50 0.0614 100 11 1.487188 0.6848249 0.6050501
50 0.0614 100 8 1.489871 0.692607 0.6014277
50 0.0614 100 7 1.419069 0.5758755 0.6071809
50 0.0618 100 8 1.447232 0.6177606 0.6008314
50 0.0618 100 7 1.437665 0.6100386 0.5958218
50 0.0618 100 10 1.445507 0.6988417 0.6130889
50 0.0618 100 13 1.412171 0.5868726 0.6104242
50 0.0618 100 7 1.442380 0.6389961 0.6033895
50 0.2188 1e+05 1 1.101059 0.1896552 0.1528418
50 0.2188 1e+05 1 1.113789 0.2049808 0.1648746
50 0.2188 1e+05 1 1.087242 0.2126437 0.1546339
50 0.2188 1e+05 1 1.081299 0.2528736 0.1646185
50 0.2188 1e+05 1 1.099241 0.2088123 0.1597542
50 0.2196 1e+05 1 1.135987 0.2309160 0.1737570
50 0.2196 1e+05 1 1.114701 0.2041985 0.1640185
50 0.2196 1e+05 1 1.114833 0.1860687 0.1389031
50 0.2196 1e+05 1 1.137468 0.2080153 0.1768324
50 0.2196 1e+05 1 1.086431 0.2137405 0.1624808
50 0.219 1e+05 1 1.107433 0.2200957 0.1618438
50 0.219 1e+05 1 1.119387 0.2172249 0.1710627
50 0.219 1e+05 1 1.132058 0.2248804 0.1784891
50 0.219 1e+05 1 1.115077 0.2105263 0.1444302
50 0.219 1e+05 1 1.120098 0.1952153 0.1549296
50 0.2182 1e+05 1 1.102792 0.2065322 0.1534919
50 0.2182 1e+05 1 1.141551 0.2286263 0.1596316
50 0.2182 1e+05 1 1.117665 0.2074928 0.1548990
50 0.2182 1e+05 1 1.102719 0.1921230 0.1650038
50 0.2182 1e+05 1 1.124282 0.2257445 0.1696086
50 0.2194 1e+05 1 1.126607 0.2406877 0.1542403
50 0.2194 1e+05 1 1.091431 0.2024833 0.1519344
50 0.2194 1e+05 1 1.097293 0.2129895 0.1575711
50 0.2194 1e+05 1 1.153107 0.1948424 0.1721752
50 0.2194 1e+05 1 1.141118 0.2053486 0.1623110
50 0.2188 20000 9 2.038618 0.8194444 0.8064516
50 0.2188 20000 11 2.003461 0.8208812 0.7992832
50 0.2188 20000 9 2.130690 0.8002874 0.7982591
50 0.2188 20000 10 2.051581 0.7974138 0.8024834
50 0.2188 20000 9 2.065680 0.8103448 0.8100358
50 0.2196 20000 10 2.119743 0.8062977 0.800615
50 0.2196 20000 12 2.057991 0.7905534 0.8003588
50 0.2196 20000 12 2.117039 0.7967557 0.8095848
50 0.2196 20000 9 2.105033 0.8349237 0.8085597
50 0.2196 20000 10 2.111731 0.8005725 0.8086879
50 0.219 20000 12 2.122563 0.7956938 0.8020487
50 0.219 20000 10 2.118181 0.8124402 0.8161332
50 0.219 20000 12 2.109995 0.8086124 0.8071703
50 0.219 20000 12 2.083553 0.8205742 0.8080666
50 0.219 20000 11 2.092378 0.8148325 0.8049936
50 0.2182 20000 12 1.997882 0.790586 0.8019954
50 0.2182 20000 11 2.070478 0.821806 0.8077513
50 0.2182 20000 9 2.093567 0.8006724 0.8014838
50 0.2182 20000 12 2.071134 0.8035543 0.8090304
50 0.2182 20000 10 2.012605 0.8208453 0.8058327
50 0.2194 20000 10 2.163723 0.8147087 0.8120676
50 0.2194 20000 12 2.103922 0.7846227 0.8018191
50 0.2194 20000 12 2.089332 0.8151862 0.794517
50 0.2194 20000 11 2.138606 0.7941738 0.7986164
50 0.2194 20000 10 2.095509 0.8170965 0.8020753
50 0.2188 10000 10 2.109944 0.802203 0.797107
50 0.2188 10000 12 2.099389 0.7911877 0.8033794
50 0.2188 10000 12 2.094309 0.795977 0.7991551
50 0.2188 10000 11 2.156255 0.8084291 0.796083
50 0.2188 10000 10 1.980921 0.8314176 0.7999232
50 0.2196 10000 10 2.018892 0.8144084 0.8029216
50 0.2196 10000 10 2.097698 0.8039122 0.8040748
50 0.2196 10000 10 2.013484 0.7919847 0.806125
50 0.2196 10000 12 2.115480 0.8082061 0.8009995
50 0.2196 10000 10 2.067764 0.8263359 0.7984367
50 0.219 10000 10 2.043985 0.8095694 0.7944942
50 0.219 10000 12 2.140902 0.8062201 0.793726
50 0.219 10000 12 2.019809 0.8 0.8035851
50 0.219 10000 11 2.133401 0.7822967 0.8097311
50 0.219 10000 12 2.110988 0.7913876 0.8076825
50 0.2182 10000 13 2.077437 0.8170029 0.7966232
50 0.2182 10000 11 1.991709 0.8025937 0.808135
50 0.2182 10000 11 2.176391 0.7987512 0.8013558
50 0.2182 10000 11 2.073952 0.7929875 0.8021233
50 0.2182 10000 9 2.027501 0.8184438 0.7971348
50 0.2194 10000 10 2.00107 0.8127985 0.8083525
50 0.2194 10000 9 2.100799 0.8199618 0.8050218
50 0.2194 10000 12 2.212763 0.8104107 0.8141173
50 0.2194 10000 10 2.094323 0.7870105 0.796823
50 0.2194 10000 10 2.023421 0.8022923 0.8002818
50 0.2188 2000 9 1.988104 0.7954981 0.8049155
50 0.2188 2000 10 1.978143 0.8295019 0.7996672
50 0.2188 2000 8 1.982850 0.8213602 0.8088838
50 0.2188 2000 9 2.004327 0.8280651 0.8065796
50 0.2188 2000 9 2.048533 0.8141762 0.8042755
50 0.2196 2000 9 1.988645 0.8187023 0.8117632
50 0.2196 2000 10 2.060487 0.826813 0.813429
50 0.2196 2000 9 2.085249 0.807729 0.8080472
50 0.2196 2000 12 2.057741 0.8053435 0.8045874
50 0.2196 2000 9 2.012376 0.8392176 0.7981804
50 0.219 2000 9 2.107357 0.8215311 0.802945
50 0.219 2000 12 1.981699 0.8229665 0.7997439
50 0.219 2000 11 1.998905 0.8066986 0.8025608
50 0.219 2000 9 1.988041 0.8339713 0.8049936
50 0.219 2000 9 1.995719 0.8086124 0.8020487
50 0.2182 2000 12 1.921686 0.8121998 0.7989256
50 0.2182 2000 8 2.041785 0.8198847 0.8063443
50 0.2182 2000 11 1.961773 0.7915466 0.805449
50 0.2182 2000 11 2.057202 0.8121998 0.8063443
50 0.2182 2000 10 1.986599 0.8069164 0.8016117
50 0.2194 2000 9 2.042527 0.8199618 0.8020753
50 0.2194 2000 12 2.027261 0.8056351 0.7987446
50 0.2194 2000 12 1.994802 0.8194842 0.8027159
50 0.2194 2000 8 2.032306 0.8123209 0.8001537
50 0.2194 2000 9 2.040192 0.8070678 0.8006662
50 0.2188 1000 6 1.962074 0.802203 0.7873784
50 0.2188 1000 6 1.926130 0.7744253 0.7877624
50 0.2188 1000 10 1.991493 0.7878352 0.7926267
50 0.2188 1000 6 2.006589 0.8122605 0.7944188
50 0.2188 1000 6 1.943105 0.8194444 0.7894265
50 0.2196 1000 10 2.026144 0.8096374 0.78857
50 0.2196 1000 6 2.020115 0.7819656 0.8003588
50 0.2196 1000 6 1.967258 0.807729 0.7843414
50 0.2196 1000 6 1.95235 0.807729 0.8013839
50 0.2196 1000 10 1.937268 0.8005725 0.794977
50 0.219 1000 8 1.966609 0.8095694 0.7895006
50 0.219 1000 11 1.983776 0.8038278 0.7871959
50 0.219 1000 7 1.969331 0.7861244 0.7921895
50 0.219 1000 6 1.935894 0.7971292 0.7992318
50 0.219 1000 6 1.984997 0.7784689 0.7960307
50 0.2182 1000 6 1.997511 0.79683 0.7881811
50 0.2182 1000 6 1.972099 0.7809798 0.7924021
50 0.2182 1000 10 1.968611 0.790586 0.7872858
50 0.2182 1000 6 1.910154 0.795389 0.785495
50 0.2182 1000 6 1.991644 0.8131604 0.7935533
50 0.2194 1000 6 1.991835 0.8094556 0.7928517
50 0.2194 1000 7 1.905683 0.8042025 0.7891366
50 0.2194 1000 6 1.94316 0.791786 0.8024596
50 0.2194 1000 7 1.976270 0.7999045 0.7919549
50 0.2194 1000 6 1.957781 0.8065903 0.7910582
50 0.2188 200 10 1.679404 0.7294061 0.6966206
50 0.2188 200 10 1.593651 0.7136015 0.6903482
50 0.2188 200 10 1.644221 0.7016284 0.7051971
50 0.2188 200 10 1.651701 0.7193487 0.6985407
50 0.2188 200 11 1.673609 0.7136015 0.7121096
50 0.2196 200 13 1.642152 0.7127863 0.7006663
50 0.2196 200 10 1.622136 0.7137405 0.7063045
50 0.2196 200 10 1.615866 0.711355 0.6855459
50 0.2196 200 12 1.673624 0.7003817 0.6940031
50 0.2196 200 11 1.690586 0.7194656 0.7151461
50 0.219 200 10 1.589567 0.7138756 0.7025608
50 0.219 200 11 1.652939 0.7272727 0.7039693
50 0.219 200 10 1.663979 0.6971292 0.7002561
50 0.219 200 10 1.764073 0.7464115 0.7021767
50 0.219 200 14 1.711785 0.7019139 0.6985915
50 0.2182 200 13 1.626129 0.7411143 0.6904579
50 0.2182 200 13 1.664553 0.696926 0.696086
50 0.2182 200 14 1.628779 0.7103746 0.6977488
50 0.2182 200 11 1.649938 0.7113353 0.6908416
50 0.2182 200 10 1.610621 0.7180596 0.6992837
50 0.2194 200 11 1.615546 0.7015282 0.7058673
50 0.2194 200 13 1.656864 0.713467 0.6938253
50 0.2194 200 7 1.634199 0.7292264 0.7013836
50 0.2194 200 10 1.657392 0.7191977 0.69959
50 0.2194 200 10 1.705261 0.7449857 0.710351
50 0.2188 100 7 1.45418 0.6096743 0.6058628
50 0.2188 100 8 1.495312 0.6264368 0.6040707
50 0.2188 100 7 1.428707 0.6522989 0.6052227
50 0.2188 100 10 1.437801 0.6283525 0.6052227
50 0.2188 100 6 1.454221 0.612069 0.6123912
50 0.2196 100 7 1.514895 0.5944656 0.6216043
50 0.2196 100 6 1.456912 0.6020992 0.601102
50 0.2196 100 7 1.515416 0.6040076 0.6027678
50 0.2196 100 7 1.461340 0.6292939 0.6046899
50 0.2196 100 7 1.471969 0.6245229 0.5998206
50 0.219 100 8 1.491738 0.584689 0.6069142
50 0.219 100 7 1.480305 0.6464115 0.6056338
50 0.219 100 12 1.454433 0.6248804 0.6087068
50 0.219 100 7 1.438740 0.6349282 0.6014085
50 0.219 100 10 1.441410 0.6200957 0.6024328
50 0.2182 100 8 1.427372 0.648415 0.6199795
50 0.2182 100 10 1.433676 0.623439 0.605142
50 0.2182 100 10 1.449200 0.5951009 0.6126887
50 0.2182 100 6 1.465919 0.6143132 0.6055257
50 0.2182 100 13 1.460325 0.6416907 0.595165
50 0.2194 100 7 1.417056 0.63085 0.5996669
50 0.2194 100 7 1.469940 0.6198663 0.6095311
50 0.2194 100 8 1.512055 0.6666667 0.6149116
50 0.2194 100 7 1.492005 0.625597 0.6051755
50 0.2194 100 7 1.442799 0.6628462 0.6179862
50 0.3138 1e+05 1 1.133431 0.2159315 0.1632177
50 0.3138 1e+05 1 1.121624 0.2014483 0.1568056
50 0.3138 1e+05 1 1.146329 0.2179065 0.1579714
50 0.3138 1e+05 1 1.130668 0.1968400 0.1565141
50 0.3138 1e+05 1 1.126469 0.2211982 0.1623433
50 0.3146 1e+05 1 1.166820 0.2107682 0.1645754
50 0.3146 1e+05 1 1.123583 0.2087984 0.1601984
50 0.3146 1e+05 1 1.161107 0.1917269 0.1552378
50 0.3146 1e+05 1 1.142463 0.1976362 0.1742048
50 0.3146 1e+05 1 1.110281 0.1822062 0.1485264
50 0.3138 1e+05 1 1.160519 0.2040816 0.1769164
50 0.3138 1e+05 1 1.095108 0.1961817 0.1655494
50 0.3138 1e+05 1 1.144571 0.2152732 0.1737103
50 0.3138 1e+05 1 1.137925 0.2152732 0.1769164
50 0.3138 1e+05 1 1.135457 0.1961817 0.1652579
50 0.3128 1e+05 1 1.098934 0.2067371 0.1673458
50 0.3128 1e+05 1 1.162926 0.2100396 0.1734575
50 0.3128 1e+05 1 1.135639 0.1961691 0.1606519
50 0.3128 1e+05 1 1.117527 0.1783355 0.1568685
50 0.3128 1e+05 1 1.103624 0.2007926 0.161234
50 0.3138 1e+05 1 1.149364 0.1961817 0.1751676
50 0.3138 1e+05 1 1.140004 0.1843318 0.1719615
50 0.3138 1e+05 1 1.135546 0.2093483 0.1658409
50 0.3138 1e+05 1 1.107725 0.1876234 0.1672982
50 0.3138 1e+05 1 1.153893 0.20079 0.1690469
50 0.3138 20000 9 2.051892 0.8202765 0.807782
50 0.3138 20000 12 2.077327 0.8278473 0.8122996
50 0.3138 20000 11 2.172603 0.8209348 0.7968522
50 0.3138 20000 9 2.088216 0.8054641 0.8069076
50 0.3138 20000 10 2.046358 0.821264 0.7951035
50 0.3146 20000 12 2.038893 0.8112278 0.8039101
50 0.3146 20000 9 2.071224 0.7931714 0.8024511
50 0.3146 20000 12 2.057065 0.790545 0.8037642
50 0.3146 20000 12 2.112587 0.7902167 0.8024511
50 0.3146 20000 9 2.090558 0.80696 0.801138
50 0.3138 20000 9 2.111043 0.8064516 0.8013699
50 0.3138 20000 10 2.018145 0.8140224 0.7994754
50 0.3138 20000 10 2.119952 0.8104016 0.8026814
50 0.3138 20000 10 2.167495 0.817314 0.809385
50 0.3138 20000 12 2.115642 0.8146807 0.8019528
50 0.3128 20000 10 2.120926 0.8005284 0.8047148
50 0.3128 20000 12 2.108370 0.8054822 0.794383
50 0.3128 20000 9 2.040961 0.7919419 0.8073341
50 0.3128 20000 13 2.05462 0.8114267 0.8003492
50 0.3128 20000 12 2.083189 0.8018494 0.7958382
50 0.3138 20000 12 2.121718 0.8008558 0.8020985
50 0.3138 20000 10 2.097829 0.797235 0.8053046
50 0.3138 20000 10 2.051114 0.8166557 0.8051588
50 0.3138 20000 9 2.016283 0.8196182 0.809968
50 0.3138 20000 11 2.115804 0.809085 0.8080734
50 0.3138 10000 11 2.066844 0.8159974 0.796998
50 0.3138 10000 10 2.048015 0.8097433 0.8009327
50 0.3138 10000 9 2.040683 0.8166557 0.8032644
50 0.3138 10000 10 2.102553 0.8370639 0.8096765
50 0.3138 10000 12 2.148393 0.8015142 0.7965608
50 0.3146 10000 12 2.119189 0.8023638 0.7929676
50 0.3146 10000 10 2.079312 0.8108995 0.806974
50 0.3146 10000 12 2.132516 0.7980959 0.8075576
50 0.3146 10000 12 1.986789 0.8076165 0.8001167
50 0.3146 10000 12 2.147243 0.7948129 0.811497
50 0.3138 10000 11 2.048307 0.817314 0.7939376
50 0.3138 10000 10 2.067164 0.7988808 0.8029729
50 0.3138 10000 12 2.092597 0.817314 0.8003498
50 0.3138 10000 10 2.061935 0.8025016 0.7945205
50 0.3138 10000 10 2.124162 0.8048058 0.8048674
50 0.3128 10000 10 2.051860 0.8044914 0.8074796
50 0.3128 10000 9 2.107835 0.8044914 0.7945285
50 0.3128 10000 11 2.133865 0.8153897 0.8020955
50 0.3128 10000 11 2.037660 0.8074637 0.794383
50 0.3128 10000 10 2.032978 0.8015192 0.7936554
50 0.3138 10000 10 2.062149 0.8176432 0.8026814
50 0.3138 10000 10 2.104390 0.8067808 0.8083649
50 0.3138 10000 10 2.033810 0.8061224 0.8106966
50 0.3138 10000 10 1.995549 0.8117182 0.7987467
50 0.3138 10000 10 1.993076 0.8100724 0.800787
50 0.3138 2000 9 2.095088 0.809085 0.8054503
50 0.3138 2000 12 2.023218 0.8304806 0.8054503
50 0.3138 2000 8 1.994469 0.8196182 0.798601
50 0.3138 2000 10 2.042441 0.7988808 0.8067619
50 0.3138 2000 11 1.999539 0.7863726 0.8032644
50 0.3146 2000 9 1.984361 0.8122127 0.7985118
50 0.3146 2000 6 2.033303 0.8194353 0.7963233
50 0.3146 2000 12 1.990611 0.8263296 0.801138
50 0.3146 2000 12 2.052401 0.823375 0.810038
50 0.3146 2000 9 2.046857 0.8164806 0.804202
50 0.3138 2000 10 2.156101 0.7949309 0.8089478
50 0.3138 2000 9 1.989404 0.8215932 0.795395
50 0.3138 2000 9 1.994451 0.8225806 0.8104051
50 0.3138 2000 12 2.094915 0.8186307 0.8106966
50 0.3138 2000 12 2.064483 0.8199473 0.8016613
50 0.3128 2000 12 2.051899 0.7988771 0.8079162
50 0.3128 2000 7 1.974920 0.8025099 0.8166473
50 0.3128 2000 7 1.975132 0.8219947 0.8124272
50 0.3128 2000 10 2.042277 0.8180317 0.8099534
50 0.3128 2000 11 2.045083 0.7988771 0.8023865
50 0.3138 2000 12 1.982441 0.8120474 0.8051588
50 0.3138 2000 7 2.013200 0.8281764 0.8015156
50 0.3138 2000 10 2.081289 0.8041475 0.8128825
50 0.3138 2000 10 2.016644 0.8229098 0.8004955
50 0.3138 2000 10 2.021526 0.8067808 0.8092393
50 0.3138 1000 6 1.986608 0.7946017 0.7977266
50 0.3138 1000 7 2.000814 0.8222515 0.8000583
50 0.3138 1000 13 2.031352 0.8176432 0.7974352
50 0.3138 1000 6 1.955107 0.8064516 0.7946663
50 0.3138 1000 6 1.946547 0.8054641 0.7936462
50 0.3146 1000 7 1.916391 0.8023638 0.7973446
50 0.3146 1000 6 1.945973 0.8046619 0.7903414
50 0.3146 1000 6 2.056190 0.7941563 0.8004085
50 0.3146 1000 10 1.957892 0.7846356 0.7961774
50 0.3146 1000 6 2.016165 0.802692 0.7973446
50 0.3138 1000 10 1.985552 0.8025016 0.7850481
50 0.3138 1000 6 1.980610 0.7975642 0.7857767
50 0.3138 1000 7 1.984007 0.8120474 0.798018
50 0.3138 1000 10 1.961237 0.789006 0.7959778
50 0.3138 1000 6 1.959221 0.789006 0.7921889
50 0.3128 1000 6 1.930435 0.8001982 0.7885623
50 0.3128 1000 6 1.936008 0.7892999 0.7984575
50 0.3128 1000 7 2.000634 0.7985469 0.790163
50 0.3128 1000 10 1.946504 0.8011889 0.7926368
50 0.3128 1000 6 2.016075 0.7942536 0.7840512
50 0.3138 1000 6 2.01528 0.7883476 0.7847566
50 0.3138 1000 6 1.870604 0.8166557 0.7935004
50 0.3138 1000 13 1.966627 0.7975642 0.7965608
50 0.3138 1000 6 1.917912 0.8034891 0.8034101
50 0.3138 1000 10 1.997885 0.8097433 0.7945205
50 0.3138 200 13 1.615982 0.7021066 0.7054795
50 0.3138 200 10 1.645470 0.7327189 0.7086855
50 0.3138 200 10 1.729929 0.7116524 0.7012533
50 0.3138 200 10 1.652007 0.7182357 0.708394
50 0.3138 200 10 1.628297 0.7123107 0.7102885
50 0.3146 200 10 1.626458 0.7321077 0.7111176
50 0.3146 200 13 1.626630 0.6959947 0.7067406
50 0.3146 200 9 1.615738 0.7288247 0.7096586
50 0.3146 200 10 1.650015 0.7265266 0.7000292
50 0.3146 200 12 1.667122 0.7170059 0.704698
50 0.3138 200 11 1.739352 0.7063858 0.7025648
50 0.3138 200 14 1.576451 0.7083608 0.7063538
50 0.3138 200 8 1.60844 0.706715 0.6977558
50 0.3138 200 10 1.670984 0.7175774 0.7032935
50 0.3138 200 10 1.627300 0.718894 0.6949869
50 0.3128 200 13 1.665696 0.7202774 0.7094005
50 0.3128 200 10 1.709355 0.7182959 0.701106
50 0.3128 200 10 1.608772 0.7126816 0.7191502
50 0.3128 200 10 1.603809 0.7064069 0.705326
50 0.3128 200 13 1.589912 0.6968296 0.7143481
50 0.3138 200 10 1.686510 0.7202107 0.7088312
50 0.3138 200 13 1.617642 0.7274523 0.7006704
50 0.3138 200 10 1.639074 0.7060566 0.6971728
50 0.3138 200 11 1.592611 0.7202107 0.6995045
50 0.3138 200 10 1.645217 0.7277814 0.7050423
50 0.3138 100 7 1.456197 0.6254115 0.5963276
50 0.3138 100 7 1.517164 0.6431863 0.6104634
50 0.3138 100 7 1.522152 0.6313364 0.6183328
50 0.3138 100 8 1.470775 0.6191573 0.6002623
50 0.3138 100 8 1.453279 0.6293614 0.5871466
50 0.3146 100 12 1.509180 0.641497 0.608258
50 0.3146 100 7 1.485750 0.6224557 0.5976072
50 0.3146 100 11 1.520856 0.6451083 0.5962941
50 0.3146 100 8 1.498932 0.6168746 0.599358
50 0.3146 100 7 1.473240 0.6112935 0.6107383
50 0.3138 100 7 1.451304 0.6316656 0.6017196
50 0.3138 100 7 1.456615 0.6231073 0.6071116
50 0.3138 100 7 1.473488 0.6237656 0.6114835
50 0.3138 100 11 1.490816 0.6576695 0.6018653
50 0.3138 100 7 1.501912 0.634628 0.6161469
50 0.3128 100 8 1.479541 0.6294584 0.6060827
50 0.3128 100 8 1.493867 0.6439894 0.6043364
50 0.3128 100 8 1.443301 0.6380449 0.6068102
50 0.3128 100 10 1.452629 0.6271466 0.6043364
50 0.3128 100 7 1.489569 0.6340819 0.6120489
50 0.3138 100 7 1.49692 0.6036866 0.6050714
50 0.3138 100 7 1.43257 0.6398947 0.5995337
50 0.3138 100 13 1.455846 0.6379197 0.6114835
50 0.3138 100 7 1.477261 0.6306781 0.6065287
50 0.3138 100 8 1.490245 0.6211323 0.6055086
150 0.0614 1e+05 1 1.083391 0.5564202 0.3793948
150 0.0614 1e+05 1 1.117716 0.4863813 0.3780098
150 0.0614 1e+05 1 1.057073 0.5214008 0.3728958
150 0.0614 1e+05 1 1.136047 0.5097276 0.3850416
150 0.0614 1e+05 1 1.095289 0.5642023 0.3813126
150 0.0612 1e+05 1 1.091116 0.5351562 0.3845334
150 0.0612 1e+05 1 1.088209 0.5351562 0.3949723
150 0.0612 1e+05 1 1.094727 0.4921875 0.3817640
150 0.0612 1e+05 1 1.102412 0.453125 0.370899
150 0.0612 1e+05 1 1.095343 0.5039062 0.3730294
150 0.0616 1e+05 1 1.086471 0.5116279 0.3797954
150 0.0616 1e+05 1 1.102277 0.5542636 0.3783035
150 0.0616 1e+05 1 1.121439 0.5426357 0.3858696
150 0.0616 1e+05 1 1.118768 0.4806202 0.3810742
150 0.0616 1e+05 1 1.119639 0.5348837 0.3783035
150 0.0614 1e+05 1 1.130826 0.4902724 0.3818453
150 0.0614 1e+05 1 1.103887 0.5603113 0.3848285
150 0.0614 1e+05 1 1.103185 0.4708171 0.3760921
150 0.0614 1e+05 1 1.096445 0.4902724 0.3769444
150 0.0614 1e+05 1 1.081725 0.536965 0.3814191
150 0.0618 1e+05 1 1.120226 0.4980695 0.3700703
150 0.0618 1e+05 1 1.057253 0.5019305 0.3672991
150 0.0618 1e+05 1 1.087261 0.5444015 0.3837135
150 0.0618 1e+05 1 1.089081 0.5173745 0.3690045
150 0.0618 1e+05 1 1.071779 0.5598456 0.3766787
150 0.0614 20000 3 2.944015 1 0.9992542
150 0.0614 20000 7 3.028415 1 0.9987215
150 0.0614 20000 4 2.707796 0.996109 0.9989346
150 0.0614 20000 4 2.629324 0.9980545 0.9987215
150 0.0614 20000 7 3.099338 1 0.9987215
150 0.0612 20000 6 3.052250 1 0.9987218
150 0.0612 20000 3 2.977233 0.9980469 0.9982957
150 0.0612 20000 4 2.9822 1 0.9993609
150 0.0612 20000 6 2.781851 0.9980469 0.9989348
150 0.0612 20000 10 2.809741 1 0.9988283
150 0.0616 20000 6 3.015306 1 0.9987212
150 0.0616 20000 6 2.757452 1 0.9987212
150 0.0616 20000 4 2.902483 1 0.9993606
150 0.0616 20000 6 3.49308 1 0.999041
150 0.0616 20000 3 2.740101 1 0.9989344
150 0.0614 20000 3 2.721934 0.996109 0.9990411
150 0.0614 20000 8 2.941585 0.9980545 0.9991477
150 0.0614 20000 9 3.011624 1 0.9987215
150 0.0614 20000 12 3.062969 1 0.9994673
150 0.0614 20000 4 3.114436 1 0.998828
150 0.0618 20000 7 3.289583 1 0.9989341
150 0.0618 20000 4 3.024037 1 0.9991473
150 0.0618 20000 4 3.060956 0.9980695 0.9988275
150 0.0618 20000 3 2.556281 1 0.9985078
150 0.0618 20000 4 2.787957 1 0.9988275
150 0.0614 10000 4 2.660737 1 0.9985084
150 0.0614 10000 7 2.811619 1 0.9979757
150 0.0614 10000 12 2.7705 0.996109 0.9980823
150 0.0614 10000 7 3.055427 0.996109 0.9975495
150 0.0614 10000 4 2.748103 1 0.9978692
150 0.0612 10000 10 2.735505 0.9960938 0.9978696
150 0.0612 10000 6 2.768002 0.9960938 0.9986153
150 0.0612 10000 6 2.708972 1 0.997337
150 0.0612 10000 4 2.394649 1 0.9978696
150 0.0612 10000 12 2.694369 1 0.9974435
150 0.0616 10000 4 2.946446 1 0.9976556
150 0.0616 10000 11 3.303509 0.996124 0.9978687
150 0.0616 10000 4 2.833733 1 0.998295
150 0.0616 10000 6 3.031204 0.996124 0.9972293
150 0.0616 10000 11 2.754207 1 0.9977621
150 0.0614 10000 4 2.865194 1 0.9984019
150 0.0614 10000 8 3.035040 1 0.9973365
150 0.0614 10000 4 2.744354 1 0.9964841
150 0.0614 10000 4 2.947285 0.996109 0.9984019
150 0.0614 10000 6 2.808321 0.996109 0.9977626
150 0.0618 10000 4 3.082137 0.996139 0.9984012
150 0.0618 10000 10 2.773120 1 0.996376
150 0.0618 10000 4 2.841416 1 0.997655
150 0.0618 10000 7 2.793057 0.992278 0.9980814
150 0.0618 10000 4 2.877178 1 0.9988275
150 0.0614 2000 7 2.451867 0.9844358 0.9900916
150 0.0614 2000 8 2.529637 1 0.9908374
150 0.0614 2000 10 2.529823 0.9922179 0.9908374
150 0.0614 2000 8 2.558184 0.9844358 0.9868954
150 0.0614 2000 11 2.481822 0.9883268 0.9886
150 0.0612 2000 8 2.522863 0.9960938 0.9907329
150 0.0612 2000 9 2.593548 0.9746094 0.9896677
150 0.0612 2000 13 2.578547 0.9921875 0.9881764
150 0.0612 2000 9 2.394559 0.9960938 0.9883894
150 0.0612 2000 11 2.376403 0.9765625 0.9908394
150 0.0616 2000 7 2.479168 0.9844961 0.989237
150 0.0616 2000 8 2.534792 0.996124 0.9906223
150 0.0616 2000 10 2.690906 0.996124 0.9869991
150 0.0616 2000 13 2.173935 0.996124 0.9914749
150 0.0616 2000 9 2.397635 0.994186 0.9893436
150 0.0614 2000 7 2.648223 0.9902724 0.9884935
150 0.0614 2000 10 2.640232 0.9824903 0.9879608
150 0.0614 2000 8 2.59945 0.9863813 0.989559
150 0.0614 2000 11 2.314672 0.996109 0.9900916
150 0.0614 2000 10 2.514551 0.996109 0.9875346
150 0.0618 2000 7 2.412391 0.9864865 0.9898742
150 0.0618 2000 9 2.280638 1 0.9868898
150 0.0618 2000 10 2.459796 0.988417 0.9898742
150 0.0618 2000 9 2.499723 0.992278 0.9918994
150 0.0618 2000 7 2.463280 0.9903475 0.9906203
150 0.0614 1000 12 2.231515 0.9883268 0.980716
150 0.0614 1000 9 2.221152 0.9805447 0.9775197
150 0.0614 1000 9 2.108384 0.9688716 0.9791178
150 0.0614 1000 10 2.210817 0.9922179 0.9787982
150 0.0614 1000 11 2.181030 0.9922179 0.9786917
150 0.0612 1000 12 2.281548 0.9765625 0.9759267
150 0.0612 1000 9 2.173469 0.9882812 0.9797614
150 0.0612 1000 10 2.217776 0.9804688 0.977631
150 0.0612 1000 12 2.220849 0.9804688 0.9809331
150 0.0612 1000 9 2.10508 0.9726562 0.9809331
150 0.0616 1000 10 2.114185 0.9709302 0.9771952
150 0.0616 1000 8 2.179253 0.992248 0.9803922
150 0.0616 1000 9 2.337380 0.9689922 0.9808184
150 0.0616 1000 9 2.447368 0.988372 0.9742114
150 0.0616 1000 12 2.212609 0.9670543 0.9791134
150 0.0614 1000 11 2.317752 0.9805447 0.9819945
150 0.0614 1000 9 2.284735 0.9883268 0.9810356
150 0.0614 1000 8 2.240020 0.9844358 0.9765608
150 0.0614 1000 12 2.087681 0.966926 0.9751758
150 0.0614 1000 12 2.298436 0.9727626 0.9778393
150 0.0618 1000 12 2.285209 0.976834 0.9810275
150 0.0618 1000 9 2.15722 0.984556 0.9793221
150 0.0618 1000 8 2.280517 0.988417 0.9768706
150 0.0618 1000 9 2.059221 0.969112 0.979109
150 0.0618 1000 11 2.141584 0.992278 0.9790023
150 0.0614 200 7 1.674614 0.9377432 0.9076284
150 0.0614 200 9 1.694867 0.9124514 0.9155125
150 0.0614 200 7 1.660724 0.9571984 0.9038994
150 0.0614 200 7 1.686628 0.9338521 0.9121031
150 0.0614 200 10 1.778326 0.9105058 0.9086938
150 0.0612 200 6 1.673173 0.9140625 0.9033873
150 0.0612 200 12 1.644125 0.9375 0.907222
150 0.0612 200 10 1.553885 0.9140625 0.910311
150 0.0612 200 14 1.637969 0.9355469 0.904133
150 0.0612 200 9 1.665795 0.9023438 0.910524
150 0.0616 200 12 1.641444 0.9186047 0.9070759
150 0.0616 200 4 1.52582 0.9379845 0.9099531
150 0.0616 200 12 1.655616 0.9147287 0.9091006
150 0.0616 200 6 1.61821 0.8953488 0.9096334
150 0.0616 200 10 1.662586 0.9263566 0.9028133
150 0.0614 200 12 1.724450 0.9377432 0.8998508
150 0.0614 200 9 1.637287 0.929961 0.9068826
150 0.0614 200 6 1.686615 0.8871595 0.9023013
150 0.0614 200 13 1.623447 0.9533074 0.9100788
150 0.0614 200 12 1.588884 0.9163424 0.9029405
150 0.0618 200 10 1.625531 0.9401544 0.9097207
150 0.0618 200 12 1.662144 0.92278 0.9080153
150 0.0618 200 11 1.680158 0.945946 0.9053507
150 0.0618 200 12 1.698692 0.911197 0.9068429
150 0.0618 200 7 1.640846 0.942085 0.9104669
150 0.0614 100 6 1.419374 0.8988327 0.8313446
150 0.0614 100 7 1.408716 0.848249 0.8258044
150 0.0614 100 6 1.475896 0.8599222 0.8346473
150 0.0614 100 11 1.479265 0.8832685 0.8370978
150 0.0614 100 4 1.51105 0.8715953 0.8231408
150 0.0612 100 7 1.504246 0.8671875 0.833937
150 0.0612 100 4 1.424813 0.8789062 0.8287175
150 0.0612 100 6 1.439667 0.8496094 0.831913
150 0.0612 100 4 1.490582 0.84375 0.8274393
150 0.0612 100 10 1.451737 0.8828125 0.8306349
150 0.0616 100 11 1.500378 0.875969 0.8388747
150 0.0616 100 10 1.431883 0.8953488 0.8303495
150 0.0616 100 11 1.44987 0.8604651 0.8276854
150 0.0616 100 6 1.465437 0.864341 0.827792
150 0.0616 100 7 1.411893 0.868217 0.824595
150 0.0614 100 11 1.513810 0.85214 0.830066
150 0.0614 100 7 1.446694 0.8326848 0.8368847
150 0.0614 100 6 1.496620 0.8249027 0.8397613
150 0.0614 100 7 1.350907 0.848249 0.8333688
150 0.0614 100 11 1.455271 0.8599222 0.8367782
150 0.0618 100 4 1.482122 0.9015444 0.8408655
150 0.0618 100 6 1.412457 0.8803089 0.8403326
150 0.0618 100 15 1.425581 0.8725869 0.8336176
150 0.0618 100 10 1.412233 0.8783784 0.8303134
150 0.0618 100 6 1.430758 0.8938224 0.8303134
150 0.2188 1e+05 1 1.096842 0.506705 0.390937
150 0.2188 1e+05 1 1.086840 0.5201149 0.3870968
150 0.2188 1e+05 1 1.102101 0.4961686 0.3808244
150 0.2188 1e+05 1 1.100607 0.4712644 0.3917051
150 0.2188 1e+05 1 1.099351 0.4875479 0.3863287
150 0.2196 1e+05 1 1.125752 0.5076336 0.3849308
150 0.2196 1e+05 1 1.106945 0.5467557 0.3856996
150 0.2196 1e+05 1 1.114413 0.5362595 0.3982573
150 0.2196 1e+05 1 1.107223 0.4866412 0.3819836
150 0.2196 1e+05 1 1.100902 0.5124046 0.3749359
150 0.219 1e+05 1 1.106847 0.4956938 0.3800256
150 0.219 1e+05 1 1.152309 0.4909091 0.393854
150 0.219 1e+05 1 1.118602 0.5052632 0.3861716
150 0.219 1e+05 1 1.111893 0.492823 0.3860435
150 0.219 1e+05 1 1.099627 0.5004785 0.3869398
150 0.2182 1e+05 1 1.111783 0.5254563 0.3824508
150 0.2182 1e+05 1 1.137726 0.4975985 0.3998465
150 0.2182 1e+05 1 1.098627 0.5024015 0.3995907
150 0.2182 1e+05 1 1.098948 0.5168108 0.3786135
150 0.2182 1e+05 1 1.104450 0.5033622 0.3793809
150 0.2194 1e+05 1 1.145284 0.4861509 0.3797079
150 0.2194 1e+05 1 1.158298 0.4918816 0.3817576
150 0.2194 1e+05 1 1.126638 0.4909265 0.3820138
150 0.2194 1e+05 1 1.092575 0.5138491 0.3820138
150 0.2194 1e+05 1 1.125812 0.5004776 0.3986677
150 0.2188 20000 7 2.647335 1 0.998464
150 0.2188 20000 6 2.715822 0.9990421 0.9983359
150 0.2188 20000 4 2.984519 1 0.9983359
150 0.2188 20000 4 3.16871 0.9990421 0.9980799
150 0.2188 20000 6 2.838980 0.9985632 0.998848
150 0.2196 20000 4 2.545258 0.999523 0.9998719
150 0.2196 20000 7 2.916312 0.999523 0.9988467
150 0.2196 20000 6 2.562049 0.9990458 0.9984623
150 0.2196 20000 4 2.712261 0.9990458 0.9997437
150 0.2196 20000 4 2.601215 1 0.9988467
150 0.219 20000 7 2.681414 0.9995215 0.9987196
150 0.219 20000 4 2.668716 0.999043 0.9975672
150 0.219 20000 4 2.750916 1 0.9987196
150 0.219 20000 4 2.732541 0.9985646 0.9992318
150 0.219 20000 4 3.481684 0.9980861 0.9993598
150 0.2182 20000 7 3.402977 1 0.9992325
150 0.2182 20000 6 3.045084 0.998559 0.998593
150 0.2182 20000 6 2.999544 0.9980788 0.9994884
150 0.2182 20000 3 2.976825 0.9995197 0.9994884
150 0.2182 20000 6 2.487204 0.998559 0.9991046
150 0.2194 20000 4 2.889231 1 0.9991033
150 0.2194 20000 10 3.108033 0.9990449 0.9980784
150 0.2194 20000 4 2.665879 1 0.9997438
150 0.2194 20000 7 2.666594 0.9995224 0.9985908
150 0.2194 20000 10 2.585844 0.9990449 0.9985908
150 0.2188 10000 4 2.838659 0.9990421 0.99872
150 0.2188 10000 10 2.783163 0.9990421 0.9980799
150 0.2188 10000 6 2.519037 0.9980843 0.9973118
150 0.2188 10000 4 2.501270 0.9990421 0.998848
150 0.2188 10000 4 2.724027 0.9961686 0.998592
150 0.2196 10000 8 2.650848 0.9971374 0.997309
150 0.2196 10000 7 2.574340 0.9980916 0.997181
150 0.2196 10000 6 2.712952 1 0.9983342
150 0.2196 10000 4 2.781408 0.9985687 0.9983342
150 0.2196 10000 4 2.479357 0.9966603 0.997309
150 0.219 10000 7 2.984513 0.9966507 0.9978233
150 0.219 10000 4 2.648228 0.9971292 0.9984635
150 0.219 10000 4 2.816785 0.999043 0.9982074
150 0.219 10000 6 2.887277 0.999043 0.9987196
150 0.219 10000 7 2.626549 0.999043 0.9976953
150 0.2182 10000 7 2.550828 0.9980788 0.9966743
150 0.2182 10000 4 2.694716 0.9966378 0.9980814
150 0.2182 10000 4 3.21148 0.9990394 0.9978255
150 0.2182 10000 7 2.693825 1 0.997186
150 0.2182 10000 4 2.699751 0.9961575 0.9978255
150 0.2194 10000 8 2.527259 0.9952245 0.9978222
150 0.2194 10000 7 2.680567 0.9990449 0.9985908
150 0.2194 10000 4 2.624108 1 0.9983346
150 0.2194 10000 4 2.991575 0.9980898 0.9965411
150 0.2194 10000 4 2.797487 0.9990449 0.9959006
150 0.2188 2000 12 2.424113 0.9909004 0.9882232
150 0.2188 2000 9 2.453709 0.9918582 0.9892473
150 0.2188 2000 7 2.358671 0.9913793 0.9887353
150 0.2188 2000 8 2.36119 0.993774 0.9920635
150 0.2188 2000 9 2.573549 0.992816 0.984895
150 0.2196 2000 10 2.485258 0.9909351 0.9912865
150 0.2196 2000 8 2.488699 0.9914122 0.992568
150 0.2196 2000 12 2.442187 0.98521 0.9921835
150 0.2196 2000 7 2.262134 0.9909351 0.9891081
150 0.2196 2000 7 2.411336 0.9918893 0.9875705
150 0.219 2000 12 2.583251 0.9894737 0.9896287
150 0.219 2000 8 2.319363 0.9947368 0.9897567
150 0.219 2000 9 2.512037 0.9870813 0.9901408
150 0.219 2000 11 2.340824 0.9942584 0.9854033
150 0.219 2000 9 2.396905 0.984689 0.9887324
150 0.2182 2000 9 2.229186 0.9961575 0.9831159
150 0.2182 2000 7 2.541146 0.9865514 0.9891277
150 0.2182 2000 8 2.265407 0.9942363 0.987337
150 0.2182 2000 11 2.309906 0.9903939 0.987337
150 0.2182 2000 10 2.430681 0.9918348 0.9898951
150 0.2194 2000 12 2.572171 0.9890162 0.9884704
150 0.2194 2000 11 2.240249 0.9942693 0.9898796
150 0.2194 2000 9 2.520852 0.9899713 0.9874456
150 0.2194 2000 7 2.307088 0.9866285 0.9873174
150 0.2194 2000 12 2.171649 0.991404 0.9897515
150 0.2188 1000 9 2.204098 0.9712644 0.9807988
150 0.2188 1000 9 2.232045 0.9760536 0.9797747
150 0.2188 1000 10 2.378202 0.9712644 0.9784946
150 0.2188 1000 11 2.198904 0.9784483 0.9813108
150 0.2188 1000 12 2.122619 0.9841954 0.9788786
150 0.2196 1000 9 2.031184 0.9828244 0.9784726
150 0.2196 1000 8 2.222383 0.9780534 0.9784726
150 0.2196 1000 12 2.072918 0.9704198 0.9773193
150 0.2196 1000 8 2.242151 0.9790076 0.9792414
150 0.2196 1000 9 2.146052 0.9847328 0.9791133
150 0.219 1000 12 2.122968 0.9827751 0.9777209
150 0.219 1000 11 1.994987 0.9818182 0.9802817
150 0.219 1000 10 2.155468 0.9770335 0.9769526
150 0.219 1000 10 2.273214 0.9789474 0.9825864
150 0.219 1000 12 2.125425 0.9741627 0.9792574
150 0.2182 1000 12 2.214166 0.982709 0.9810693
150 0.2182 1000 8 2.121624 0.9740634 0.9794065
150 0.2182 1000 12 2.054831 0.9769452 0.9795344
150 0.2182 1000 11 2.116929 0.981268 0.9822205
150 0.2182 1000 11 2.336703 0.975024 0.9755692
150 0.2194 1000 12 2.158139 0.9885387 0.9812964
150 0.2194 1000 9 2.123901 0.9885387 0.977069
150 0.2194 1000 10 2.329148 0.9808978 0.9775813
150 0.2194 1000 8 2.090781 0.9832856 0.9764284
150 0.2194 1000 10 2.089189 0.9808978 0.9802716
150 0.2188 200 13 1.633034 0.9118774 0.90553
150 0.2188 200 4 1.600289 0.9176245 0.9155146
150 0.2188 200 8 1.575075 0.9185824 0.9002816
150 0.2188 200 9 1.629921 0.9166667 0.9042499
150 0.2188 200 11 1.630296 0.921456 0.9046339
150 0.2196 200 4 1.633114 0.9198473 0.9049206
150 0.2196 200 10 1.707155 0.9370229 0.9023578
150 0.2196 200 9 1.620385 0.917939 0.9019733
150 0.2196 200 6 1.635663 0.9246183 0.9054331
150 0.2196 200 7 1.613584 0.9188931 0.8987699
150 0.219 200 10 1.575741 0.9177033 0.9074264
150 0.219 200 7 1.605732 0.8966507 0.909347
150 0.219 200 12 1.555542 0.9172249 0.9020487
150 0.219 200 6 1.653608 0.922488 0.906146
150 0.219 200 6 1.607600 0.9196172 0.9046095
150 0.2182 200 7 1.577218 0.920269 0.9017652
150 0.2182 200 6 1.616160 0.9173871 0.9053466
150 0.2182 200 8 1.586868 0.9173871 0.8985674
150 0.2182 200 10 1.575795 0.9135447 0.9080327
150 0.2182 200 10 1.590190 0.9212296 0.9099514
150 0.2194 200 7 1.646396 0.9235912 0.9052011
150 0.2194 200 10 1.604622 0.931232 0.9045606
150 0.2194 200 10 1.585647 0.9111748 0.9018704
150 0.2194 200 10 1.660381 0.9255014 0.9141686
150 0.2194 200 13 1.608972 0.9235912 0.9031514
150 0.2188 100 12 1.404914 0.8572797 0.827317
150 0.2188 100 7 1.383560 0.8568008 0.8376856
150 0.2188 100 9 1.393086 0.8659004 0.8250128
150 0.2188 100 7 1.415527 0.8678161 0.829237
150 0.2188 100 7 1.429963 0.8591954 0.8301331
150 0.2196 100 7 1.440155 0.8482824 0.826243
150 0.2196 100 14 1.460907 0.8587786 0.8321374
150 0.2196 100 13 1.429556 0.86021 0.8264992
150 0.2196 100 4 1.421717 0.8473282 0.8340595
150 0.2196 100 6 1.437428 0.8616412 0.8267555
150 0.219 100 7 1.452574 0.8545455 0.8426376
150 0.219 100 4 1.407938 0.845933 0.8230474
150 0.219 100 13 1.417200 0.8727273 0.8203585
150 0.219 100 7 1.441998 0.8392344 0.8411012
150 0.219 100 7 1.430074 0.8555024 0.8262484
150 0.2182 100 7 1.366249 0.853026 0.8317984
150 0.2182 100 4 1.440765 0.8631124 0.8297519
150 0.2182 100 6 1.400271 0.8520653 0.8229726
150 0.2182 100 7 1.479276 0.8645533 0.8232284
150 0.2182 100 10 1.454653 0.8645533 0.8321821
150 0.2194 100 11 1.446779 0.8710602 0.836536
150 0.2194 100 7 1.418252 0.8720153 0.841276
150 0.2194 100 4 1.431377 0.8729704 0.831796
150 0.2194 100 4 1.421624 0.86915 0.8259032
150 0.2194 100 12 1.465902 0.8591213 0.8407635
150 0.3138 1e+05 1 1.093910 0.4927584 0.3809385
150 0.3138 1e+05 1 1.087811 0.4947334 0.4033809
150 0.3138 1e+05 1 1.129706 0.4937459 0.3867677
150 0.3138 1e+05 1 1.114601 0.4930876 0.4071699
150 0.3138 1e+05 1 1.124599 0.520079 0.3931798
150 0.3146 1e+05 1 1.129780 0.5013132 0.3880945
150 0.3146 1e+05 1 1.133989 0.4950755 0.409396
150 0.3146 1e+05 1 1.150806 0.4931057 0.3857601
150 0.3146 1e+05 1 1.08471 0.5134603 0.3857601
150 0.3146 1e+05 1 1.141731 0.4740643 0.3901371
150 0.3138 1e+05 1 1.113698 0.5102041 0.3914311
150 0.3138 1e+05 1 1.097596 0.477946 0.3856019
150 0.3138 1e+05 1 1.115642 0.5144832 0.3909939
150 0.3138 1e+05 1 1.143832 0.4963792 0.3829787
150 0.3138 1e+05 1 1.121927 0.5069124 0.3993005
150 0.3128 1e+05 1 1.133737 0.488111 0.3981374
150 0.3128 1e+05 1 1.139354 0.492074 0.3882421
150 0.3128 1e+05 1 1.102032 0.511889 0.3923166
150 0.3128 1e+05 1 1.129875 0.498679 0.391298
150 0.3128 1e+05 1 1.132466 0.4788639 0.3620489
150 0.3138 1e+05 1 1.103912 0.4963792 0.3905567
150 0.3138 1e+05 1 1.10135 0.4726794 0.3981347
150 0.3138 1e+05 1 1.090017 0.5049375 0.3914311
150 0.3138 1e+05 1 1.096051 0.4924292 0.3809385
150 0.3138 1e+05 1 1.128301 0.4983542 0.3762751
150 0.3138 20000 4 2.488165 0.9993417 0.9985427
150 0.3138 20000 8 2.802928 0.9993417 0.9997085
150 0.3138 20000 3 2.821828 0.9993417 0.9992713
150 0.3138 20000 7 2.984983 1 0.9991256
150 0.3138 20000 4 2.511846 0.9990125 0.9991256
150 0.3146 20000 4 2.785586 0.9983585 0.998395
150 0.3146 20000 10 2.531364 0.9996717 0.9989787
150 0.3146 20000 4 2.777807 0.9983585 0.9986869
150 0.3146 20000 8 2.681815 1 0.9991246
150 0.3146 20000 9 2.694321 0.9996717 0.998395
150 0.3138 20000 4 2.726481 0.9996708 0.9979598
150 0.3138 20000 4 2.454607 1 0.9992713
150 0.3138 20000 4 2.612713 0.9993417 0.9976683
150 0.3138 20000 7 2.778480 0.998025 0.9995628
150 0.3138 20000 8 2.696349 0.9986833 0.9988342
150 0.3128 20000 6 2.790091 0.9990092 0.9985448
150 0.3128 20000 9 2.903692 0.9996697 0.9992724
150 0.3128 20000 10 2.726576 0.9976882 0.9988359
150 0.3128 20000 4 2.968402 0.9990092 0.999709
150 0.3128 20000 10 2.884322 0.998679 0.9998545
150 0.3138 20000 6 2.696955 0.9986833 0.999417
150 0.3138 20000 11 2.425327 0.9983542 0.9986884
150 0.3138 20000 4 2.446802 0.9996708 0.9979598
150 0.3138 20000 10 3.068205 0.9993417 0.9985427
150 0.3138 20000 8 2.644810 0.998025 0.9989799
150 0.3138 10000 7 2.77013 0.99605 0.9979598
150 0.3138 10000 6 2.986974 0.9970375 0.9979598
150 0.3138 10000 4 2.658838 0.9967084 0.996794
150 0.3138 10000 6 2.697219 0.9973667 0.9970854
150 0.3138 10000 4 2.787019 0.99605 0.9972311
150 0.3146 10000 7 2.966485 0.9993434 0.9988328
150 0.3146 10000 10 2.635711 1 0.9978115
150 0.3146 10000 4 2.503579 0.9960604 0.9966443
150 0.3146 10000 6 2.467069 0.9996717 0.9979574
150 0.3146 10000 4 2.576731 0.9973736 0.998541
150 0.3138 10000 6 2.421329 0.9993417 0.9965025
150 0.3138 10000 6 2.64169 0.99605 0.997814
150 0.3138 10000 4 2.526448 0.9973667 0.9985427
150 0.3138 10000 11 2.581019 0.998025 0.9965025
150 0.3138 10000 6 2.430215 0.9973667 0.9965025
150 0.3128 10000 8 2.687299 0.9996697 0.9978172
150 0.3128 10000 7 2.718006 0.9980185 0.9978172
150 0.3128 10000 4 2.61999 0.996037 0.9979627
150 0.3128 10000 4 2.642101 0.998679 0.9973807
150 0.3128 10000 6 2.525170 0.9963672 0.9970896
150 0.3138 10000 6 2.626574 0.9973667 0.9981055
150 0.3138 10000 10 2.496225 0.9990125 0.9988342
150 0.3138 10000 4 2.827886 0.998025 0.9982512
150 0.3138 10000 6 2.548486 0.9990125 0.9992713
150 0.3138 10000 4 2.703730 0.9970375 0.9970854
150 0.3138 2000 8 2.446246 0.9924292 0.985427
150 0.3138 2000 9 2.363776 0.9888084 0.9874672
150 0.3138 2000 12 2.370266 0.9914417 0.9916934
150 0.3138 2000 8 2.324028 0.9842001 0.9874672
150 0.3138 2000 12 2.257273 0.9871626 0.9899446
150 0.3146 2000 8 2.413184 0.9842416 0.988328
150 0.3146 2000 9 2.434327 0.9917925 0.986869
150 0.3146 2000 8 2.467442 0.987853 0.9889116
150 0.3146 2000 8 2.247415 0.991136 0.9859936
150 0.3146 2000 8 2.258305 0.990151 0.989641
150 0.3138 2000 8 2.350584 0.990125 0.9897989
150 0.3138 2000 10 2.537654 0.9921 0.9851355
150 0.3138 2000 11 2.320271 0.9848585 0.987613
150 0.3138 2000 11 2.267485 0.991771 0.9861556
150 0.3138 2000 10 2.513035 0.9904542 0.9861556
150 0.3128 2000 12 2.364292 0.990753 0.991851
150 0.3128 2000 7 2.278657 0.9887715 0.9906868
150 0.3128 2000 12 2.401739 0.9900925 0.9864668
150 0.3128 2000 8 2.43268 0.9914135 0.9867579
150 0.3128 2000 8 2.201384 0.988111 0.9847206
150 0.3138 2000 9 2.233181 0.9930876 0.9881959
150 0.3138 2000 9 2.443311 0.9927584 0.9890702
150 0.3138 2000 8 2.320784 0.987821 0.9865928
150 0.3138 2000 7 2.169179 0.994075 0.9874672
150 0.3138 2000 9 2.411005 0.98815 0.9905275
150 0.3138 1000 12 2.101446 0.9848585 0.9777033
150 0.3138 1000 9 1.999405 0.9822251 0.9804722
150 0.3138 1000 9 2.247973 0.9763002 0.9737686
150 0.3138 1000 14 2.10824 0.9848585 0.97406
150 0.3138 1000 9 2.000218 0.9815668 0.9720198
150 0.3146 1000 9 2.096102 0.980302 0.979574
150 0.3146 1000 12 2.036104 0.9865397 0.9740298
150 0.3146 1000 14 2.137332 0.9816152 0.9782609
150 0.3146 1000 9 2.243353 0.9760341 0.9731544
150 0.3146 1000 9 2.060721 0.9727511 0.978115
150 0.3138 1000 10 2.067702 0.9802502 0.9737686
150 0.3138 1000 10 2.202741 0.9802502 0.9782862
150 0.3138 1000 10 2.187407 0.9802502 0.977849
150 0.3138 1000 9 2.086770 0.9822251 0.9752259
150 0.3138 1000 10 2.072767 0.9802502 0.9781405
150 0.3128 1000 9 2.201713 0.9755614 0.9790454
150 0.3128 1000 11 2.180798 0.9782034 0.975553
150 0.3128 1000 14 1.971111 0.981506 0.9749709
150 0.3128 1000 12 2.163236 0.978864 0.9813737
150 0.3128 1000 12 2.100961 0.988111 0.979482
150 0.3138 1000 11 2.144591 0.9835418 0.9761003
150 0.3138 1000 13 2.142893 0.9766294 0.9777033
150 0.3138 1000 9 2.08237 0.9769585 0.9781405
150 0.3138 1000 9 2.158362 0.9756419 0.9781405
150 0.3138 1000 8 2.073228 0.9848585 0.9749344
150 0.3138 200 4 1.682525 0.927584 0.9055669
150 0.3138 200 8 1.569242 0.9213298 0.9122705
150 0.3138 200 7 1.730883 0.9239631 0.9057126
150 0.3138 200 8 1.608575 0.9285714 0.8987176
150 0.3138 200 12 1.551287 0.909809 0.9052754
150 0.3146 200 6 1.567945 0.9172685 0.9010797
150 0.3146 200 9 1.615733 0.9290873 0.903414
150 0.3146 200 6 1.595709 0.9277741 0.9018092
150 0.3146 200 12 1.505317 0.9172685 0.9023928
150 0.3146 200 10 1.627663 0.9251477 0.9023928
150 0.3138 200 9 1.615805 0.929559 0.8993005
150 0.3138 200 10 1.605571 0.9045425 0.8965316
150 0.3138 200 12 1.641668 0.909809 0.9113961
150 0.3138 200 11 1.640153 0.90948 0.9046925
150 0.3138 200 9 1.603926 0.9114549 0.8975517
150 0.3128 200 6 1.561914 0.9121532 0.8930442
150 0.3128 200 6 1.574345 0.9180978 0.9054133
150 0.3128 200 7 1.539598 0.9313078 0.9055588
150 0.3128 200 7 1.652447 0.9247028 0.9091967
150 0.3128 200 10 1.594762 0.9147952 0.8972643
150 0.3138 200 12 1.600538 0.9282423 0.9058584
150 0.3138 200 8 1.617842 0.9210007 0.902798
150 0.3138 200 8 1.652043 0.919684 0.904401
150 0.3138 200 6 1.585214 0.9249506 0.9058584
150 0.3138 200 4 1.554315 0.919684 0.908773
150 0.3138 100 10 1.396412 0.8587887 0.8152142
150 0.3138 100 13 1.427089 0.8558262 0.8259983
150 0.3138 100 6 1.323481 0.8568137 0.8192947
150 0.3138 100 7 1.382053 0.8686636 0.8378024
150 0.3138 100 4 1.399762 0.843318 0.8273098
150 0.3146 100 12 1.424959 0.8604728 0.8255034
150 0.3146 100 6 1.417865 0.860801 0.8256493
150 0.3146 100 7 1.408447 0.8630991 0.8255034
150 0.3146 100 7 1.315868 0.8627708 0.8433032
150 0.3146 100 13 1.405642 0.8667104 0.8240444
150 0.3138 100 7 1.403944 0.8722844 0.8168173
150 0.3138 100 7 1.394185 0.8548387 0.8379481
150 0.3138 100 4 1.396642 0.8660303 0.8356164
150 0.3138 100 11 1.395786 0.8584595 0.8316817
150 0.3138 100 7 1.418908 0.8505596 0.8305159
150 0.3128 100 13 1.361386 0.860634 0.8410943
150 0.3128 100 7 1.356265 0.8665786 0.8442957
150 0.3128 100 6 1.349057 0.852708 0.8307625
150 0.3128 100 10 1.333054 0.8507266 0.8294529
150 0.3128 100 7 1.436901 0.8530383 0.8386205
150 0.3138 100 6 1.397320 0.8564845 0.8313903
150 0.3138 100 7 1.404958 0.8676761 0.8195861
150 0.3138 100 10 1.397146 0.8439763 0.8258525
150 0.3138 100 11 1.399742 0.8522054 0.8312445
150 0.3138 100 11 1.393119 0.8722844 0.8230836
250 0.0614 1e+05 1 1.084052 0.6770428 0.4956318
250 0.0614 1e+05 1 1.111550 0.6420233 0.4908374
250 0.0614 1e+05 1 1.084865 0.7120623 0.4922225
250 0.0614 1e+05 1 1.097843 0.7198444 0.5028766
250 0.0614 1e+05 1 1.100416 0.6809339 0.4979757
250 0.0612 1e+05 1 1.080866 0.6289062 0.4925437
250 0.0612 1e+05 1 1.094302 0.6210938 0.4995739
250 0.0612 1e+05 1 1.076522 0.65625 0.494248
250 0.0612 1e+05 1 1.112335 0.6953125 0.494248
250 0.0612 1e+05 1 1.109466 0.6640625 0.5083085
250 0.0616 1e+05 1 1.095989 0.6744186 0.4957374
250 0.0616 1e+05 1 1.075230 0.6899225 0.4899829
250 0.0616 1e+05 1 1.076798 0.6686047 0.4842285
250 0.0616 1e+05 1 1.104423 0.6550388 0.4944587
250 0.0616 1e+05 1 1.087788 0.7015504 0.4923274
250 0.0614 1e+05 1 1.133197 0.6731518 0.509056
250 0.0614 1e+05 1 1.076455 0.6770428 0.4889197
250 0.0614 1e+05 1 1.093397 0.696498 0.4898785
250 0.0614 1e+05 1 1.085612 0.696498 0.4924355
250 0.0614 1e+05 1 1.118296 0.6712062 0.4871085
250 0.0618 1e+05 1 1.097986 0.6988417 0.5101258
250 0.0618 1e+05 1 1.116839 0.6872587 0.4937114
250 0.0618 1e+05 1 1.09309 0.6409266 0.5013856
250 0.0618 1e+05 1 1.085338 0.6679537 0.4862503
250 0.0618 1e+05 1 1.081018 0.6718147 0.4890215
250 0.0614 20000 1 1.095178 0.6536965 0.4903047
250 0.0614 20000 1 1.060514 0.7003891 0.4905178
250 0.0614 20000 1 1.076307 0.7159533 0.4851907
250 0.0614 20000 1 1.122291 0.7003891 0.5028766
250 0.0614 20000 1 1.105146 0.6692607 0.4977626
250 0.0612 20000 1 1.090418 0.6484375 0.4910524
250 0.0612 20000 1 1.124950 0.6015625 0.5051129
250 0.0612 20000 1 1.078269 0.6914062 0.5027695
250 0.0612 20000 1 1.084922 0.65625 0.4870047
250 0.0612 20000 1 1.089173 0.6601562 0.5021304
250 0.0616 20000 1 1.088583 0.6666667 0.4971228
250 0.0616 20000 1 1.094755 0.7093023 0.4970162
250 0.0616 20000 1 1.115267 0.620155 0.4789003
250 0.0616 20000 1 1.101408 0.6976744 0.5157715
250 0.0616 20000 1 1.090640 0.6899225 0.5072464
250 0.0614 20000 1 1.095477 0.6692607 0.4892393
250 0.0614 20000 1 1.093578 0.6653696 0.480716
250 0.0614 20000 1 1.088694 0.6770428 0.4945664
250 0.0614 20000 1 1.065874 0.6809339 0.4900916
250 0.0614 20000 1 1.071526 0.6536965 0.4978692
250 0.0618 20000 1 1.089997 0.6718147 0.4949904
250 0.0618 20000 1 1.127115 0.6988417 0.5047964
250 0.0618 20000 1 1.091684 0.7027027 0.5057557
250 0.0618 20000 1 1.101085 0.6679537 0.4911533
250 0.0618 20000 1 1.070304 0.6872587 0.5022383
250 0.0614 10000 3 1.603856 1 0.9993608
250 0.0614 10000 3 1.677655 0.996109 0.9993608
250 0.0614 10000 3 1.668752 1 0.9993608
250 0.0614 10000 3 1.621620 1 0.9985084
250 0.0614 10000 3 1.603512 1 0.9991477
250 0.0612 10000 3 1.671321 1 0.9996804
250 0.0612 10000 3 1.647692 1 0.9993609
250 0.0612 10000 3 1.593183 1 0.9987218
250 0.0612 10000 3 1.650508 1 0.9985087
250 0.0612 10000 3 1.674414 1 0.9985087
250 0.0616 10000 3 1.677891 1 0.999254
250 0.0616 10000 3 1.644813 0.992248 0.9987212
250 0.0616 10000 3 1.617411 0.998062 0.9988278
250 0.0616 10000 3 1.700007 1 0.9987212
250 0.0616 10000 3 1.611119 1 0.9987212
250 0.0614 10000 3 1.595566 0.9980545 0.9987215
250 0.0614 10000 3 1.624131 1 0.9985084
250 0.0614 10000 3 1.640237 0.996109 0.9980823
250 0.0614 10000 3 1.657108 1 0.9982953
250 0.0614 10000 3 1.652216 1 0.9985084
250 0.0618 10000 3 1.739242 1 0.9982946
250 0.0618 10000 3 1.651937 1 0.9989341
250 0.0618 10000 3 1.634837 1 0.9988275
250 0.0618 10000 3 1.638895 1 0.9982946
250 0.0618 10000 3 1.604609 1 0.9980814
250 0.0614 2000 4 1.586328 1 0.9940337
250 0.0614 2000 6 1.619309 0.9922179 0.9931813
250 0.0614 2000 6 1.626428 1 0.9936075
250 0.0614 2000 4 1.742073 1 0.994673
250 0.0614 2000 8 1.521466 0.9922179 0.992542
250 0.0612 2000 6 1.622416 0.9960938 0.9927567
250 0.0612 2000 6 1.649791 0.9960938 0.994461
250 0.0612 2000 6 1.579068 0.9921875 0.994887
250 0.0612 2000 8 1.578131 0.9960938 0.9959523
250 0.0612 2000 4 1.602003 0.9960938 0.9955262
250 0.0616 2000 4 1.565284 0.992248 0.9922208
250 0.0616 2000 4 1.574678 0.996124 0.9936061
250 0.0616 2000 4 1.603333 0.996124 0.9928602
250 0.0616 2000 4 1.592861 0.996124 0.9912617
250 0.0616 2000 4 1.692236 0.988372 0.9919011
250 0.0614 2000 4 1.664657 1 0.9944598
250 0.0614 2000 7 1.638708 0.9844358 0.9929683
250 0.0614 2000 4 1.585520 0.996109 0.992329
250 0.0614 2000 4 1.695684 0.9922179 0.9933944
250 0.0614 2000 6 1.593655 0.996109 0.9945664
250 0.0618 2000 4 1.579001 1 0.9904072
250 0.0618 2000 12 1.615275 0.992278 0.992752
250 0.0618 2000 4 1.674495 0.9980695 0.9912599
250 0.0618 2000 11 1.638353 0.992278 0.9916862
250 0.0618 2000 8 1.696397 0.988417 0.9939245
250 0.0614 1000 8 1.571252 0.9883268 0.9880673
250 0.0614 1000 7 1.566519 0.9922179 0.9878543
250 0.0614 1000 4 1.552436 1 0.9877477
250 0.0614 1000 10 1.539970 0.996109 0.9850842
250 0.0614 1000 8 1.516849 0.9883268 0.9868954
250 0.0612 1000 8 1.586935 0.9882812 0.9904133
250 0.0612 1000 8 1.591311 0.9882812 0.9863656
250 0.0612 1000 11 1.582983 0.9921875 0.986472
250 0.0612 1000 11 1.622329 0.9882812 0.9876438
250 0.0612 1000 11 1.531592 0.9921875 0.985407
250 0.0616 1000 7 1.564998 0.996124 0.9912617
250 0.0616 1000 11 1.549828 0.988372 0.989237
250 0.0616 1000 8 1.615709 0.992248 0.986786
250 0.0616 1000 9 1.583443 0.996124 0.9852941
250 0.0616 1000 11 1.608862 0.996124 0.9864663
250 0.0614 1000 9 1.493328 0.996109 0.9865758
250 0.0614 1000 7 1.583793 0.9922179 0.9878543
250 0.0614 1000 8 1.663168 0.9805447 0.9891328
250 0.0614 1000 8 1.552200 0.9805447 0.9856169
250 0.0614 1000 11 1.590953 0.9844358 0.9896655
250 0.0618 1000 6 1.514027 0.992278 0.9853976
250 0.0618 1000 4 1.499854 0.992278 0.9833724
250 0.0618 1000 12 1.614809 0.996139 0.9845449
250 0.0618 1000 8 1.534360 0.992278 0.9866766
250 0.0618 1000 11 1.547840 1 0.9848646
250 0.0614 200 7 1.470038 0.963035 0.9369273
250 0.0614 200 10 1.424854 0.9610895 0.9401236
250 0.0614 200 12 1.479833 0.9610895 0.936075
250 0.0614 200 11 1.390698 0.9571984 0.9365012
250 0.0614 200 11 1.439747 0.9533074 0.933518
250 0.0612 200 11 1.457660 0.9394531 0.9394972
250 0.0612 200 14 1.434597 0.9609375 0.9407755
250 0.0612 200 4 1.456619 0.9570312 0.935769
250 0.0612 200 9 1.394081 0.96875 0.938006
250 0.0612 200 11 1.444820 0.9570312 0.9340648
250 0.0616 200 10 1.396769 0.9651163 0.941283
250 0.0616 200 10 1.385120 0.9341085 0.9390452
250 0.0616 200 9 1.480466 0.9573643 0.9370205
250 0.0616 200 4 1.450530 0.9651163 0.9401108
250 0.0616 200 12 1.425171 0.9457364 0.9393649
250 0.0614 200 14 1.461347 0.9649805 0.9373535
250 0.0614 200 6 1.476878 0.9494163 0.9356488
250 0.0614 200 9 1.330838 0.9533074 0.940017
250 0.0614 200 7 1.414005 0.9727626 0.940976
250 0.0614 200 4 1.489549 0.9571984 0.9385255
250 0.0618 200 4 1.375748 0.949807 0.937007
250 0.0618 200 10 1.427988 0.953668 0.9334897
250 0.0618 200 12 1.407052 0.965251 0.9356214
250 0.0618 200 9 1.393155 0.957529 0.9347687
250 0.0618 200 4 1.434671 0.980695 0.9317843
250 0.0614 100 6 1.3451 0.9494163 0.8891967
250 0.0614 100 7 1.374223 0.9494163 0.8708715
250 0.0614 100 6 1.301061 0.9416342 0.8832303
250 0.0614 100 4 1.332332 0.8793774 0.884722
250 0.0614 100 6 1.340484 0.9027237 0.879821
250 0.0612 100 7 1.346936 0.8867188 0.8857052
250 0.0612 100 6 1.399510 0.8984375 0.8902855
250 0.0612 100 6 1.358165 0.9101562 0.8870899
250 0.0612 100 10 1.287244 0.9140625 0.8832552
250 0.0612 100 4 1.327451 0.921875 0.8832552
250 0.0616 100 4 1.364033 0.9224806 0.8753197
250 0.0616 100 4 1.297264 0.9496124 0.88896
250 0.0616 100 4 1.315479 0.9205426 0.8934356
250 0.0616 100 7 1.340501 0.9379845 0.8878943
250 0.0616 100 4 1.301545 0.9224806 0.8829923
250 0.0614 100 12 1.31053 0.922179 0.8813126
250 0.0614 100 6 1.373397 0.8949416 0.8773706
250 0.0614 100 4 1.378255 0.9377432 0.8894098
250 0.0614 100 4 1.292466 0.92607 0.8787556
250 0.0614 100 6 1.320817 0.9338521 0.8817388
250 0.0618 100 4 1.326205 0.92278 0.8835003
250 0.0618 100 6 1.371845 0.915058 0.878917
250 0.0618 100 4 1.356496 0.930502 0.8718823
250 0.0618 100 10 1.374428 0.934363 0.8931997
250 0.0618 100 4 1.313088 0.930502 0.8806225
250 0.2188 1e+05 1 1.069201 0.6455939 0.4951357
250 0.2188 1e+05 1 1.092978 0.6590038 0.5079365
250 0.2188 1e+05 1 1.130547 0.6350575 0.5104967
250 0.2188 1e+05 1 1.112529 0.631226 0.5081925
250 0.2188 1e+05 1 1.058597 0.6551724 0.4956477
250 0.2196 1e+05 1 1.131137 0.6727099 0.5001281
250 0.2196 1e+05 1 1.065998 0.6622137 0.5071758
250 0.2196 1e+05 1 1.114485 0.6307252 0.5043567
250 0.2196 1e+05 1 1.101996 0.6593511 0.4974372
250 0.2196 1e+05 1 1.076208 0.6402672 0.4992312
250 0.219 1e+05 1 1.082860 0.6373206 0.4839949
250 0.219 1e+05 1 1.094904 0.6382775 0.4898848
250 0.219 1e+05 1 1.093299 0.6526316 0.4957746
250 0.219 1e+05 1 1.099121 0.6535885 0.5055058
250 0.219 1e+05 1 1.071951 0.6411483 0.5014085
250 0.2182 1e+05 1 1.050004 0.660903 0.4983372
250 0.2182 1e+05 1 1.148253 0.6570605 0.4911742
250 0.2182 1e+05 1 1.103578 0.6580211 0.5074188
250 0.2182 1e+05 1 1.105023 0.6551393 0.501407
250 0.2182 1e+05 1 1.086646 0.6604227 0.4952673
250 0.2194 1e+05 1 1.115930 0.6542502 0.4914169
250 0.2194 1e+05 1 1.073519 0.6666667 0.5065334
250 0.2194 1e+05 1 1.107370 0.6408787 0.4920574
250 0.2194 1e+05 1 1.093448 0.635148 0.4970535
250 0.2194 1e+05 1 1.117591 0.6590258 0.5028183
250 0.2188 20000 1 1.079936 0.6408046 0.500384
250 0.2188 20000 1 1.072559 0.6551724 0.4947517
250 0.2188 20000 1 1.074140 0.651341 0.4964158
250 0.2188 20000 1 1.070651 0.6369732 0.5029442
250 0.2188 20000 1 1.129594 0.6091954 0.4884793
250 0.2196 20000 1 1.087476 0.6708015 0.506407
250 0.2196 20000 1 1.105257 0.6879771 0.5038442
250 0.2196 20000 1 1.11889 0.6211832 0.5112763
250 0.2196 20000 1 1.084111 0.6526718 0.5023065
250 0.2196 20000 1 1.084851 0.629771 0.4938493
250 0.219 20000 1 1.065448 0.6497608 0.4996159
250 0.219 20000 1 1.069170 0.6406699 0.5039693
250 0.219 20000 1 1.089829 0.6688995 0.5011524
250 0.219 20000 1 1.122888 0.622488 0.5047375
250 0.219 20000 1 1.057385 0.661244 0.4975672
250 0.2182 20000 1 1.098267 0.6522574 0.4973139
250 0.2182 20000 1 1.084920 0.6570605 0.5049885
250 0.2182 20000 1 1.071485 0.6570605 0.4976976
250 0.2182 20000 1 1.100086 0.6301633 0.5063955
250 0.2182 20000 1 1.082157 0.6570605 0.5034536
250 0.2194 20000 1 1.111747 0.6513849 0.493979
250 0.2194 20000 1 1.121731 0.6427889 0.4960287
250 0.2194 20000 1 1.109603 0.65234 0.4965411
250 0.2194 20000 1 1.092213 0.643744 0.4944914
250 0.2194 20000 1 1.121435 0.6456543 0.503587
250 0.2188 10000 3 1.586836 0.999521 0.99872
250 0.2188 10000 3 1.559389 0.9976054 0.998976
250 0.2188 10000 3 1.561476 0.9990421 0.99872
250 0.2188 10000 3 1.560564 1 0.998464
250 0.2188 10000 3 1.558583 1 0.998976
250 0.2196 10000 3 1.530488 1 0.998206
250 0.2196 10000 3 1.607811 1 0.9994874
250 0.2196 10000 3 1.690313 0.9990458 0.9976935
250 0.2196 10000 3 1.557310 0.9990458 0.9993593
250 0.2196 10000 3 1.627541 1 0.9984623
250 0.219 10000 3 1.542418 1 0.9987196
250 0.219 10000 3 1.545512 0.9971292 0.9987196
250 0.219 10000 3 1.580163 1 0.9980794
250 0.219 10000 3 1.528113 0.9971292 0.9987196
250 0.219 10000 3 1.542839 0.999043 0.9992318
250 0.2182 10000 3 1.589845 0.9990394 0.9979534
250 0.2182 10000 3 1.486763 0.9990394 0.9975697
250 0.2182 10000 3 1.534396 0.9980788 0.9976976
250 0.2182 10000 3 1.662774 0.9990394 0.9982093
250 0.2182 10000 3 1.600574 0.9980788 0.9989767
250 0.2194 10000 3 1.552305 1 0.998719
250 0.2194 10000 3 1.662799 1 0.9984627
250 0.2194 10000 3 1.616234 0.9980898 0.998847
250 0.2194 10000 3 1.689945 0.9990449 0.9992314
250 0.2194 10000 3 1.509557 1 0.9991033
250 0.2188 2000 8 1.664396 0.9952107 0.9948797
250 0.2188 2000 6 1.559178 0.993774 0.9921915
250 0.2188 2000 6 1.518405 0.9990421 0.9929595
250 0.2188 2000 7 1.502115 0.9942529 0.9935996
250 0.2188 2000 8 1.608979 0.9952107 0.9925755
250 0.2196 2000 7 1.528533 0.9933206 0.9933368
250 0.2196 2000 4 1.590450 0.995229 0.9924398
250 0.2196 2000 4 1.529854 0.9942748 0.9892363
250 0.2196 2000 6 1.557946 0.9923664 0.9948744
250 0.2196 2000 8 1.570387 0.9980916 0.9909021
250 0.219 2000 4 1.495198 0.9933014 0.9927017
250 0.219 2000 4 1.534316 0.9961722 0.9928297
250 0.219 2000 4 1.531623 0.9971292 0.990781
250 0.219 2000 4 1.569038 0.99378 0.9959027
250 0.219 2000 6 1.462383 0.9971292 0.9946223
250 0.2182 2000 4 1.506651 0.9903939 0.9948836
250 0.2182 2000 4 1.536593 0.9932757 0.9936045
250 0.2182 2000 4 1.513492 0.992315 0.9930929
250 0.2182 2000 4 1.466728 0.9990394 0.9934766
250 0.2182 2000 7 1.54259 1 0.992965
250 0.2194 2000 4 1.498170 0.9971347 0.9950038
250 0.2194 2000 4 1.662953 0.995702 0.9923136
250 0.2194 2000 11 1.549624 0.9918816 0.991673
250 0.2194 2000 6 1.544245 0.9971347 0.9925698
250 0.2194 2000 6 1.585092 0.9952245 0.992826
250 0.2188 1000 9 1.583040 0.9846743 0.9882232
250 0.2188 1000 8 1.545451 0.9923372 0.9877112
250 0.2188 1000 7 1.586690 0.9885057 0.9895033
250 0.2188 1000 11 1.521694 0.9918582 0.983871
250 0.2188 1000 7 1.48242 0.9904215 0.9873272
250 0.2196 1000 8 1.420502 0.9895038 0.9829575
250 0.2196 1000 14 1.533552 0.9885496 0.9884675
250 0.2196 1000 11 1.551218 0.9885496 0.9894926
250 0.2196 1000 6 1.613678 0.9895038 0.9855202
250 0.2196 1000 7 1.588991 0.9909351 0.9866735
250 0.219 1000 7 1.526325 0.9875598 0.9860435
250 0.219 1000 7 1.528775 0.9875598 0.9882202
250 0.219 1000 10 1.531065 0.9942584 0.9856594
250 0.219 1000 13 1.515288 0.9942584 0.9833547
250 0.219 1000 7 1.482559 0.9870813 0.9854033
250 0.2182 1000 7 1.467539 0.995197 0.9854183
250 0.2182 1000 7 1.509111 0.9879923 0.9850345
250 0.2182 1000 7 1.531964 0.9894332 0.9846508
250 0.2182 1000 12 1.462560 0.987512 0.9861857
250 0.2182 1000 13 1.518409 0.9932757 0.9841392
250 0.2194 1000 6 1.552637 0.986151 0.9877018
250 0.2194 1000 7 1.423582 0.9942693 0.987958
250 0.2194 1000 9 1.512015 0.9847182 0.9857802
250 0.2194 1000 11 1.647328 0.9933142 0.985524
250 0.2194 1000 11 1.482793 0.9918816 0.9875737
250 0.2188 200 14 1.376791 0.9415709 0.9393241
250 0.2188 200 9 1.398180 0.9501916 0.9413722
250 0.2188 200 7 1.396260 0.960728 0.9429083
250 0.2188 200 10 1.357954 0.9655172 0.9348438
250 0.2188 200 6 1.447903 0.967433 0.9334357
250 0.2196 200 14 1.336035 0.9646947 0.9300359
250 0.2196 200 9 1.369493 0.9589695 0.9340082
250 0.2196 200 8 1.426391 0.9541985 0.9370835
250 0.2196 200 4 1.461808 0.9532443 0.9433624
250 0.2196 200 12 1.371211 0.9446565 0.937468
250 0.219 200 6 1.389171 0.9559809 0.9349552
250 0.219 200 12 1.394716 0.95311 0.9368758
250 0.219 200 9 1.389573 0.9492823 0.937516
250 0.219 200 10 1.380151 0.9598086 0.9331626
250 0.219 200 6 1.404849 0.969378 0.940589
250 0.2182 200 14 1.386178 0.9606148 0.9398823
250 0.2182 200 6 1.353868 0.9490874 0.9398823
250 0.2182 200 8 1.435003 0.9586936 0.9342543
250 0.2182 200 4 1.410612 0.9548511 0.9350217
250 0.2182 200 10 1.404706 0.9586936 0.9370683
250 0.2194 200 7 1.398101 0.9627507 0.9365872
250 0.2194 200 7 1.359707 0.9522445 0.9318473
250 0.2194 200 4 1.416800 0.9512894 0.9359467
250 0.2194 200 9 1.416732 0.9617956 0.9395337
250 0.2194 200 12 1.418709 0.9627507 0.942352
250 0.2188 100 6 1.269806 0.9176245 0.8830005
250 0.2188 100 6 1.269595 0.9157088 0.8814644
250 0.2188 100 4 1.312493 0.9224138 0.874808
250 0.2188 100 6 1.275786 0.928161 0.8952893
250 0.2188 100 6 1.2892 0.9099617 0.8891449
250 0.2196 100 4 1.313299 0.9208015 0.8796771
250 0.2196 100 4 1.308767 0.9122137 0.8787801
250 0.2196 100 8 1.331139 0.9198473 0.8780113
250 0.2196 100 4 1.287725 0.9069656 0.8877499
250 0.2196 100 7 1.261573 0.9198473 0.8764736
250 0.219 100 7 1.330961 0.9119617 0.8823303
250 0.219 100 6 1.331744 0.9196172 0.8816901
250 0.219 100 4 1.299562 0.9263158 0.8857875
250 0.219 100 4 1.269019 0.9196172 0.8745198
250 0.219 100 4 1.252807 0.9205742 0.8798976
250 0.2182 100 6 1.28211 0.9260327 0.8838578
250 0.2182 100 4 1.244365 0.9193084 0.8787414
250 0.2182 100 4 1.22217 0.9231508 0.883602
250 0.2182 100 6 1.295767 0.9154659 0.8774623
250 0.2182 100 7 1.255485 0.925072 0.8812996
250 0.2194 100 6 1.260125 0.9169054 0.8795798
250 0.2194 100 4 1.368576 0.9212034 0.884576
250 0.2194 100 4 1.335669 0.9159503 0.8861132
250 0.2194 100 6 1.275846 0.9264565 0.8838073
250 0.2194 100 9 1.253119 0.9149952 0.8886754
250 0.3138 1e+05 1 1.088138 0.638578 0.5010201
250 0.3138 1e+05 1 1.065724 0.6629361 0.5001457
250 0.3138 1e+05 1 1.077604 0.6352864 0.509181
250 0.3138 1e+05 1 1.09287 0.6477946 0.5123871
250 0.3138 1e+05 1 1.067076 0.636603 0.4969397
250 0.3146 1e+05 1 1.085834 0.6346028 0.4973738
250 0.3146 1e+05 1 1.06812 0.6401838 0.4963525
250 0.3146 1e+05 1 1.103476 0.641497 0.4884739
250 0.3146 1e+05 1 1.113154 0.638214 0.4995623
250 0.3146 1e+05 1 1.096016 0.6319764 0.5147359
250 0.3138 1e+05 1 1.081217 0.646478 0.5185077
250 0.3138 1e+05 1 1.125289 0.6221198 0.4902361
250 0.3138 1e+05 1 1.101937 0.6622778 0.5208394
250 0.3138 1e+05 1 1.12597 0.6458196 0.502186
250 0.3138 1e+05 1 1.101551 0.6214615 0.5033518
250 0.3128 1e+05 1 1.06277 0.652576 0.4988359
250 0.3128 1e+05 1 1.071619 0.6469617 0.4982538
250 0.3128 1e+05 1 1.092646 0.6354029 0.4944703
250 0.3128 1e+05 1 1.088153 0.6360634 0.5133877
250 0.3128 1e+05 1 1.100902 0.6383752 0.5098952
250 0.3138 1e+05 1 1.080220 0.638578 0.501603
250 0.3138 1e+05 1 1.101389 0.6398947 0.5071408
250 0.3138 1e+05 1 1.101067 0.6313364 0.5094725
250 0.3138 1e+05 1 1.054716 0.6056616 0.5103468
250 0.3138 1e+05 1 1.127733 0.6240948 0.5217138
250 0.3138 20000 1 1.103483 0.6398947 0.5094725
250 0.3138 20000 1 1.082433 0.6313364 0.5097639
250 0.3138 20000 1 1.072591 0.6431863 0.519965
250 0.3138 20000 1 1.109310 0.6622778 0.4953366
250 0.3138 20000 1 1.077252 0.6280448 0.5059749
250 0.3146 20000 1 1.091459 0.6375575 0.5062737
250 0.3146 20000 1 1.132584 0.641497 0.5042311
250 0.3146 20000 1 1.099349 0.6336179 0.5004377
250 0.3146 20000 1 1.087049 0.6355877 0.5094835
250 0.3146 20000 1 1.09805 0.6332896 0.4959148
250 0.3138 20000 1 1.10484 0.638578 0.494608
250 0.3138 20000 1 1.090613 0.6191573 0.5045176
250 0.3138 20000 1 1.082531 0.6359447 0.5059749
250 0.3138 20000 1 1.111523 0.6277156 0.4972311
250 0.3138 20000 1 1.059963 0.6115866 0.5013116
250 0.3128 20000 1 1.054934 0.6479524 0.4902503
250 0.3128 20000 1 1.107579 0.6261559 0.5
250 0.3128 20000 1 1.065827 0.647292 0.5043655
250 0.3128 20000 1 1.090960 0.6294584 0.4965076
250 0.3128 20000 1 1.099345 0.6142668 0.50422
250 0.3138 20000 1 1.126985 0.6155365 0.5030603
250 0.3138 20000 1 1.089854 0.6161949 0.5120956
250 0.3138 20000 1 1.112979 0.6273864 0.5062664
250 0.3138 20000 1 1.100407 0.6550362 0.5085981
250 0.3138 20000 1 1.051867 0.6438446 0.5225882
250 0.3138 10000 3 1.562708 1 0.9991256
250 0.3138 10000 3 1.499953 0.9993417 0.9992713
250 0.3138 10000 3 1.521280 0.9983542 0.9979598
250 0.3138 10000 3 1.527046 0.998025 0.9969397
250 0.3138 10000 3 1.580733 0.9986833 0.9982512
250 0.3146 10000 3 1.564831 1 0.9995623
250 0.3146 10000 3 1.614709 0.9973736 0.9994164
250 0.3146 10000 3 1.514016 0.9993434 0.9988328
250 0.3146 10000 3 1.480420 0.9980302 0.9975197
250 0.3146 10000 3 1.567947 0.9993434 0.9994164
250 0.3138 10000 3 1.562460 0.9993417 0.9982512
250 0.3138 10000 3 1.534014 0.9993417 0.9982512
250 0.3138 10000 3 1.588439 0.9993417 0.999417
250 0.3138 10000 3 1.674517 0.9986833 0.9981055
250 0.3138 10000 3 1.581512 0.9993417 0.9991256
250 0.3128 10000 3 1.51942 0.9993395 0.9982538
250 0.3128 10000 3 1.544167 1 0.9978172
250 0.3128 10000 3 1.531740 1 0.9991269
250 0.3128 10000 3 1.481618 0.998679 0.9985448
250 0.3128 10000 3 1.599613 0.9993395 0.9979627
250 0.3138 10000 3 1.587148 0.9986833 0.9979598
250 0.3138 10000 3 1.542832 0.9986833 0.9991256
250 0.3138 10000 3 1.527328 1 0.9988342
250 0.3138 10000 3 1.471337 0.9986833 0.9986884
250 0.3138 10000 3 1.527170 0.9986833 0.9988342
250 0.3138 2000 8 1.453985 0.9937459 0.993005
250 0.3138 2000 4 1.528239 0.9963792 0.9947537
250 0.3138 2000 4 1.511061 0.9921 0.9912562
250 0.3138 2000 8 1.536076 0.9957209 0.9918391
250 0.3138 2000 4 1.534895 0.994075 0.9931507
250 0.3146 2000 12 1.568962 0.9921208 0.9928509
250 0.3146 2000 11 1.465832 0.9947472 0.9944558
250 0.3146 2000 7 1.611888 0.9921208 0.9957689
250 0.3146 2000 4 1.519328 0.9960604 0.9935804
250 0.3146 2000 4 1.59374 0.9947472 0.9934345
250 0.3138 2000 6 1.454241 0.9927584 0.993005
250 0.3138 2000 4 1.480186 0.9963792 0.9953366
250 0.3138 2000 4 1.488736 0.99605 0.9935879
250 0.3138 2000 9 1.582833 0.9947334 0.9941708
250 0.3138 2000 4 1.587681 0.9921 0.9918391
250 0.3128 2000 13 1.519039 0.9927345 0.992724
250 0.3128 2000 9 1.535245 0.993395 0.9944703
250 0.3128 2000 6 1.467304 0.9953765 0.9930151
250 0.3128 2000 4 1.541978 0.9953765 0.9931607
250 0.3128 2000 4 1.510926 0.9937252 0.992142
250 0.3138 2000 8 1.510173 0.9921 0.9934421
250 0.3138 2000 6 1.566179 0.99605 0.993005
250 0.3138 2000 6 1.495239 0.9967084 0.9943165
250 0.3138 2000 4 1.485375 0.998025 0.9921306
250 0.3138 2000 6 1.467607 0.9986833 0.9935879
250 0.3138 1000 12 1.449132 0.9921 0.9828038
250 0.3138 1000 12 1.466145 0.9888084 0.9863014
250 0.3138 1000 8 1.527054 0.9924292 0.9889245
250 0.3138 1000 6 1.470617 0.990125 0.9896532
250 0.3138 1000 9 1.476032 0.98815 0.988633
250 0.3146 1000 13 1.444992 0.9921208 0.9845346
250 0.3146 1000 6 1.444921 0.986868 0.988328
250 0.3146 1000 8 1.515315 0.9904793 0.9861395
250 0.3146 1000 11 1.431087 0.990151 0.9877444
250 0.3146 1000 8 1.507702 0.9888378 0.9833674
250 0.3138 1000 7 1.431637 0.9907834 0.9896532
250 0.3138 1000 6 1.510608 0.990125 0.9863014
250 0.3138 1000 6 1.485241 0.9934167 0.98703
250 0.3138 1000 7 1.539914 0.9888084 0.9865928
250 0.3138 1000 6 1.472228 0.9937459 0.9883416
250 0.3128 1000 7 1.446092 0.9914135 0.9857392
250 0.3128 1000 7 1.405618 0.9884412 0.984284
250 0.3128 1000 7 1.478259 0.9848085 0.9867579
250 0.3128 1000 11 1.514446 0.9900925 0.9857392
250 0.3128 1000 9 1.554671 0.9900925 0.9870489
250 0.3138 1000 8 1.474573 0.9828835 0.9828038
250 0.3138 1000 9 1.418179 0.9871626 0.9836782
250 0.3138 1000 7 1.493754 0.9874918 0.9857184
250 0.3138 1000 11 1.491214 0.9874918 0.9867386
250 0.3138 1000 4 1.489361 0.98815 0.98703
250 0.3138 200 12 1.372468 0.9549045 0.9399592
250 0.3138 200 4 1.330709 0.9555629 0.9350044
250 0.3138 200 13 1.34134 0.9552337 0.9376275
250 0.3138 200 13 1.378399 0.961817 0.9367531
250 0.3138 200 8 1.339634 0.9591837 0.9444768
250 0.3146 200 11 1.371467 0.9586343 0.9384301
250 0.3146 200 11 1.400616 0.9468155 0.9349285
250 0.3146 200 11 1.345974 0.9494419 0.9328859
250 0.3146 200 9 1.366981 0.9592909 0.9439743
250 0.3146 200 7 1.372291 0.9514117 0.9360957
250 0.3138 200 10 1.329851 0.9591837 0.9315068
250 0.3138 200 9 1.368450 0.9611587 0.9408336
250 0.3138 200 6 1.359623 0.9605003 0.9385019
250 0.3138 200 4 1.354947 0.9427255 0.9414165
250 0.3138 200 9 1.351030 0.9624753 0.9399592
250 0.3128 200 6 1.360782 0.9425363 0.939901
250 0.3128 200 6 1.321177 0.9557464 0.9366997
250 0.3128 200 9 1.357363 0.9583884 0.9372817
250 0.3128 200 9 1.382295 0.9418758 0.943539
250 0.3128 200 9 1.359570 0.9537649 0.9403376
250 0.3138 200 6 1.374307 0.9526004 0.9387934
250 0.3138 200 8 1.313998 0.9565504 0.9355873
250 0.3138 200 10 1.372318 0.9420671 0.9376275
250 0.3138 200 9 1.333059 0.9572087 0.9402507
250 0.3138 200 6 1.401910 0.969717 0.941708
250 0.3138 100 4 1.209495 0.9084924 0.883416
250 0.3138 100 4 1.308101 0.9124424 0.8805013
250 0.3138 100 6 1.287867 0.9190257 0.8819586
250 0.3138 100 6 1.262063 0.915734 0.8821043
250 0.3138 100 7 1.269623 0.9269256 0.8777324
250 0.3146 100 4 1.266883 0.9172685 0.8765684
250 0.3146 100 4 1.287682 0.919895 0.8876568
250 0.3146 100 6 1.297622 0.9061064 0.887365
250 0.3146 100 4 1.294733 0.9028234 0.8765684
250 0.3146 100 4 1.298938 0.9126724 0.8686898
250 0.3138 100 4 1.276745 0.915734 0.8815214
250 0.3138 100 4 1.302829 0.911784 0.8685514
250 0.3138 100 4 1.281241 0.9104674 0.883416
250 0.3138 100 6 1.256729 0.9009217 0.8746721
250 0.3138 100 6 1.281154 0.9124424 0.8781696
250 0.3128 100 4 1.220536 0.9029062 0.88766
250 0.3128 100 4 1.239994 0.9075297 0.8774738
250 0.3128 100 4 1.265125 0.9147952 0.8779104
250 0.3128 100 4 1.299858 0.9147952 0.886787
250 0.3128 100 4 1.268533 0.8989432 0.8859139
250 0.3138 100 7 1.259072 0.9163924 0.8784611
250 0.3138 100 4 1.243421 0.925609 0.8886622
250 0.3138 100 4 1.302556 0.9163924 0.8810842
250 0.3138 100 4 1.249233 0.915734 0.8688429
250 0.3138 100 4 1.26061 0.9114549 0.8784611
