%n density  glcalls lse TP FP 
30 0.0614 10 1.178570 0.3151751 0.2917111
30 0.0614 12 1.170765 0.3346304 0.2969316
30 0.0614 12 1.235195 0.3735409 0.2983166
30 0.0614 10 1.208828 0.2684825 0.288941
30 0.0614 10 1.189800 0.2762646 0.2993821
30 0.0614 10 1.178203 0.2957198 0.2929896
30 0.0614 11 1.178098 0.3385214 0.2876625
30 0.0614 8 1.208322 0.3501946 0.3064138
30 0.0614 11 1.202301 0.2840467 0.2867036
30 0.0614 7 1.169722 0.2762646 0.3038568
30 0.0612 11 1.172626 0.3007812 0.2950575
30 0.0612 11 1.220765 0.34375 0.2942054
30 0.0612 14 1.187602 0.4023438 0.2895185
30 0.0612 11 1.19229 0.3359375 0.2873882
30 0.0612 12 1.197726 0.3515625 0.2799318
30 0.0612 8 1.185280 0.3320312 0.2916489
30 0.0612 10 1.145787 0.28125 0.2937793
30 0.0612 12 1.194573 0.3203125 0.2937793
30 0.0612 10 1.182600 0.296875 0.2918620
30 0.0612 10 1.224488 0.328125 0.297614
30 0.0616 12 1.199167 0.2984496 0.3088235
30 0.0616 10 1.223929 0.3294574 0.2984868
30 0.0616 7 1.217188 0.3410853 0.2992327
30 0.0616 11 1.187846 0.3217054 0.2868713
30 0.0616 10 1.191893 0.3488372 0.2849531
30 0.0616 10 1.193520 0.3062016 0.2981671
30 0.0616 12 1.222929 0.3410853 0.2914535
30 0.0616 12 1.193111 0.3333333 0.2863384
30 0.0616 11 1.224333 0.3682171 0.2871910
30 0.0616 11 1.173635 0.3139535 0.2791986
30 0.0614 10 1.215944 0.3424125 0.2878756
30 0.0614 10 1.165741 0.3151751 0.2923503
30 0.0614 7 1.206452 0.3268482 0.2938419
30 0.0614 12 1.186837 0.307393 0.2910718
30 0.0614 12 1.228917 0.2801556 0.3001278
30 0.0614 12 1.216143 0.3229572 0.2958662
30 0.0614 12 1.190675 0.2918288 0.2790326
30 0.0614 11 1.186836 0.3696498 0.3083316
30 0.0614 10 1.213399 0.3151751 0.2750906
30 0.0614 8 1.212463 0.3424125 0.2906456
30 0.0618 12 1.201760 0.3474903 0.3003624
30 0.0618 10 1.261718 0.3320463 0.2931145
30 0.0618 10 1.223527 0.3513514 0.2908761
30 0.0618 10 1.176785 0.2895753 0.2854402
30 0.0618 10 1.191856 0.3204633 0.2930079
30 0.0618 12 1.188733 0.3667954 0.2956726
30 0.0618 10 1.221267 0.3281853 0.3086762
30 0.0618 11 1.233092 0.3204633 0.2960989
30 0.0618 14 1.193116 0.2857143 0.2865061
30 0.0618 8 1.202696 0.3513514 0.2982307
30 0.0614 11 1.168573 0.3385214 0.294055
30 0.0614 12 1.180527 0.3579767 0.2875559
30 0.0614 11 1.190042 0.3346304 0.2848924
30 0.0614 13 1.195473 0.385214 0.2944811
30 0.0614 8 1.182607 0.2996109 0.3010867
30 0.0614 7 1.165853 0.3112840 0.2900064
30 0.0614 7 1.184018 0.3657588 0.2976774
30 0.0614 7 1.220582 0.3618677 0.3044961
30 0.0614 6 1.170681 0.3774319 0.294055
30 0.0614 8 1.175274 0.3307393 0.3053484
30 0.0618 11 1.222924 0.3436293 0.2907696
30 0.0618 7 1.255384 0.2818533 0.2997229
30 0.0618 8 1.201024 0.3667954 0.2974845
30 0.0618 12 1.209640 0.3050193 0.2837348
30 0.0618 12 1.211827 0.3976834 0.2935408
30 0.0618 10 1.196397 0.3397683 0.2935408
30 0.0618 10 1.195468 0.3359073 0.2813899
30 0.0618 11 1.166965 0.3359073 0.2916223
30 0.0618 12 1.228604 0.2895753 0.2868258
30 0.0618 6 1.169790 0.3281853 0.2805372
30 0.0616 11 1.214280 0.3100775 0.2947570
30 0.0616 12 1.169417 0.372093 0.2992327
30 0.0616 7 1.177985 0.3527132 0.3043478
30 0.0616 7 1.176540 0.3255814 0.3045610
30 0.0616 12 1.175176 0.3255814 0.2902813
30 0.0616 7 1.183341 0.2674419 0.2879369
30 0.0616 13 1.194250 0.3178295 0.2909207
30 0.0616 12 1.208361 0.3023256 0.299659
30 0.0616 8 1.194759 0.3682171 0.2971014
30 0.0616 12 1.225991 0.3178295 0.3018968
30 0.0616 10 1.180378 0.3410853 0.3022165
30 0.0616 7 1.166603 0.2945736 0.2949702
30 0.0616 7 1.200019 0.3023256 0.3022165
30 0.0616 14 1.202521 0.3100775 0.2849531
30 0.0616 7 1.217557 0.3837209 0.2826087
30 0.0616 10 1.167312 0.3100775 0.2982737
30 0.0616 11 1.206414 0.3643411 0.299659
30 0.0616 8 1.194363 0.3875969 0.2869778
30 0.0616 7 1.190644 0.3372093 0.2872975
30 0.0616 11 1.212624 0.3449612 0.3020034
30 0.061 11 1.197586 0.3372549 0.2979766
30 0.061 7 1.227777 0.2862745 0.300213
30 0.061 10 1.225887 0.2549020 0.2764643
30 0.061 11 1.220376 0.3176471 0.3011715
30 0.061 10 1.176607 0.3058824 0.3007455
30 0.061 10 1.171728 0.3490196 0.2866880
30 0.061 13 1.233448 0.3372549 0.2945687
30 0.061 12 1.200645 0.3137255 0.3009585
30 0.061 12 1.259815 0.3450980 0.2822151
30 0.061 10 1.247870 0.3176471 0.3083067
30 0.2188 11 1.250512 0.3400383 0.3090118
30 0.2188 8 1.185086 0.3103448 0.2886585
30 0.2188 12 1.231552 0.3180077 0.2904506
30 0.2188 8 1.186151 0.3160920 0.2980031
30 0.2188 11 1.228734 0.3237548 0.3051715
30 0.2188 7 1.228393 0.3390805 0.2845622
30 0.2188 8 1.236671 0.3213602 0.3033794
30 0.2188 12 1.248396 0.3132184 0.2887865
30 0.2188 11 1.230405 0.3227969 0.2826421
30 0.2188 10 1.192783 0.2978927 0.2862263
30 0.2196 8 1.225070 0.3263359 0.3016402
30 0.2196 12 1.221645 0.3311069 0.2913890
30 0.2196 10 1.271891 0.2958015 0.297796
30 0.2196 12 1.223501 0.3282443 0.2997181
30 0.2196 8 1.248577 0.3301527 0.2965146
30 0.2196 7 1.19129 0.3349237 0.3085597
30 0.2196 12 1.221229 0.3158397 0.2933111
30 0.2196 7 1.215665 0.3253817 0.2949769
30 0.2196 7 1.251978 0.3034351 0.2816504
30 0.2196 12 1.229763 0.3396947 0.2962583
30 0.219 11 1.270845 0.3043062 0.293726
30 0.219 11 1.230954 0.3224880 0.3229193
30 0.219 12 1.220168 0.3119617 0.290653
30 0.219 7 1.233929 0.3100478 0.2939821
30 0.219 12 1.217398 0.3330144 0.3147247
30 0.219 11 1.216697 0.3239234 0.3090909
30 0.219 12 1.231200 0.3291866 0.2975672
30 0.219 7 1.248201 0.3339713 0.2992318
30 0.219 7 1.236442 0.2966507 0.3037132
30 0.219 7 1.268283 0.3349282 0.3049936
30 0.2182 8 1.250553 0.3083573 0.3031466
30 0.2182 7 1.269512 0.3323727 0.3195191
30 0.2182 12 1.260905 0.3083573 0.2975185
30 0.2182 10 1.237976 0.2920269 0.3036582
30 0.2182 13 1.256519 0.3073967 0.2886928
30 0.2182 8 1.267840 0.3448607 0.3074955
30 0.2182 7 1.238976 0.339097 0.3011
30 0.2182 11 1.206331 0.3419789 0.3050652
30 0.2182 10 1.201302 0.3064361 0.2895881
30 0.2182 11 1.224943 0.3160423 0.3059606
30 0.2194 6 1.235431 0.3233047 0.2813221
30 0.2194 12 1.245171 0.3295129 0.3007943
30 0.2194 12 1.251280 0.3409742 0.2969511
30 0.2194 13 1.222242 0.3428844 0.2895209
30 0.2194 12 1.238163 0.3018147 0.3082244
30 0.2194 10 1.217322 0.3094556 0.2802972
30 0.2194 11 1.222655 0.3209169 0.29567
30 0.2194 10 1.241163 0.3170965 0.3025878
30 0.2194 14 1.272442 0.3342884 0.3023315
30 0.2194 11 1.200214 0.3065903 0.2978478
30 0.2188 12 1.234276 0.3141762 0.2931388
30 0.2188 11 1.218192 0.3170498 0.2905786
30 0.2188 8 1.236337 0.3496169 0.3045315
30 0.2188 12 1.240606 0.3141762 0.2834101
30 0.2188 13 1.250952 0.3314176 0.2945469
30 0.2188 7 1.235993 0.3256705 0.2900666
30 0.2188 11 1.231631 0.3304598 0.3056836
30 0.2188 12 1.236634 0.3467433 0.2956989
30 0.2188 7 1.219462 0.2883142 0.2941628
30 0.2188 10 1.256356 0.3160920 0.2977471
30 0.2188 14 1.221635 0.2816092 0.2872504
30 0.2188 12 1.235175 0.3429119 0.3015873
30 0.2188 10 1.214310 0.3237548 0.2991551
30 0.2188 7 1.212405 0.3170498 0.2820020
30 0.2188 7 1.235500 0.3390805 0.2887865
30 0.2188 10 1.251918 0.3189655 0.2708653
30 0.2188 6 1.212518 0.3141762 0.3015873
30 0.2188 7 1.230796 0.2921456 0.2919867
30 0.2188 10 1.245225 0.3084291 0.3051715
30 0.2188 8 1.236380 0.3103448 0.2949309
30 0.2186 10 1.259452 0.3758389 0.3146916
30 0.2186 10 1.269755 0.3183126 0.2935756
30 0.2186 12 1.207768 0.2991371 0.2902483
30 0.2186 7 1.242442 0.3183126 0.2810340
30 0.2186 10 1.239290 0.3259827 0.3086767
30 0.2186 12 1.228685 0.3384468 0.3068851
30 0.2186 12 1.273092 0.3317354 0.2866650
30 0.2186 12 1.253569 0.3173538 0.3040696
30 0.2186 12 1.220026 0.295302 0.2754031
30 0.2186 10 1.233082 0.3403643 0.2857691
30 0.2196 10 1.266995 0.3520992 0.3004869
30 0.2196 7 1.269610 0.3320611 0.3003588
30 0.2196 13 1.242621 0.3196565 0.2860072
30 0.2196 7 1.231727 0.3282443 0.2998462
30 0.2196 13 1.237758 0.3158397 0.3013839
30 0.2196 12 1.231654 0.3291985 0.3197078
30 0.2196 10 1.234953 0.3062977 0.2765249
30 0.2196 12 1.244818 0.3024809 0.2865197
30 0.2196 11 1.262435 0.3396947 0.302409
30 0.2196 10 1.241607 0.3492366 0.3043311
30 0.2192 11 1.22119 0.3135755 0.2920082
30 0.2192 10 1.238674 0.3173996 0.2978996
30 0.2192 10 1.242950 0.2992352 0.3025102
30 0.2192 12 1.284672 0.3154876 0.289959
30 0.2192 11 1.244796 0.3269598 0.2927766
30 0.2192 7 1.249751 0.3298279 0.3081455
30 0.2192 11 1.215345 0.3087954 0.2897029
30 0.2192 11 1.268344 0.3250478 0.3002049
30 0.2192 13 1.233550 0.3355641 0.3077613
30 0.2192 12 1.241839 0.3231358 0.2792008
30 0.3138 7 1.220156 0.3146807 0.300204
30 0.3138 12 1.22252 0.3146807 0.3063247
30 0.3138 10 1.287811 0.3291639 0.2968522
30 0.3138 11 1.297132 0.3100724 0.2984553
30 0.3138 10 1.280996 0.3518762 0.3045759
30 0.3138 8 1.243848 0.3271889 0.2945205
30 0.3138 7 1.234563 0.3206057 0.3018071
30 0.3138 11 1.233264 0.3215932 0.2846109
30 0.3138 11 1.317837 0.3462804 0.3025357
30 0.3138 10 1.212611 0.2942725 0.2818420
30 0.3146 8 1.285506 0.3637557 0.3142690
30 0.3146 6 1.277953 0.3532502 0.3101838
30 0.3146 7 1.239469 0.3230466 0.3142690
30 0.3146 7 1.243593 0.3177938 0.3046396
30 0.3146 11 1.267161 0.3217334 0.2882988
30 0.3146 10 1.211606 0.3365069 0.3157280
30 0.3146 11 1.256564 0.3282994 0.2900496
30 0.3146 7 1.277148 0.3342088 0.3202509
30 0.3146 11 1.257112 0.3437295 0.3131018
30 0.3146 11 1.301319 0.3230466 0.3058068
30 0.3138 6 1.241899 0.3311389 0.2987467
30 0.3138 7 1.226538 0.3311389 0.2933547
30 0.3138 10 1.235309 0.3252140 0.2706208
30 0.3138 12 1.222641 0.3429888 0.3013699
30 0.3138 7 1.236611 0.3133641 0.3013699
30 0.3138 12 1.245240 0.3179724 0.2949577
30 0.3138 8 1.223987 0.2975642 0.2811134
30 0.3138 7 1.247341 0.3568137 0.3037015
30 0.3138 10 1.269726 0.3298223 0.3000583
30 0.3138 14 1.217659 0.3146807 0.2940834
30 0.3128 8 1.248716 0.3190225 0.3032596
30 0.3128 14 1.214342 0.3203435 0.3099534
30 0.3128 12 1.239307 0.330251 0.2866705
30 0.3128 12 1.267123 0.2978864 0.2991851
30 0.3128 12 1.228533 0.3025099 0.2927823
30 0.3128 10 1.224346 0.3157199 0.2952561
30 0.3128 12 1.284100 0.3454425 0.3061700
30 0.3128 10 1.219611 0.323646 0.2753201
30 0.3128 9 1.252739 0.3256275 0.2974389
30 0.3128 12 1.226180 0.3018494 0.3066065
30 0.3138 13 1.269144 0.3294931 0.2964150
30 0.3138 10 1.241854 0.3120474 0.3071991
30 0.3138 10 1.250991 0.321264 0.3050131
30 0.3138 11 1.228813 0.3186307 0.2964150
30 0.3138 13 1.286558 0.339368 0.2882542
30 0.3138 12 1.217991 0.3443055 0.3098222
30 0.3138 8 1.261541 0.3120474 0.3071991
30 0.3138 7 1.227202 0.3166557 0.2987467
30 0.3138 7 1.249629 0.3262014 0.3099679
30 0.3138 10 1.268108 0.3238973 0.2818420
30 0.313 10 1.263865 0.3234323 0.3052402
30 0.313 11 1.224012 0.3135314 0.2992722
30 0.313 10 1.238998 0.3161716 0.3007278
30 0.313 10 1.270751 0.3141914 0.3085881
30 0.313 10 1.255037 0.3478548 0.2921397
30 0.313 10 1.256493 0.3115512 0.2935953
30 0.313 12 1.256387 0.3194719 0.2972344
30 0.313 12 1.245408 0.3412541 0.2914119
30 0.313 7 1.278388 0.3095710 0.2998544
30 0.313 10 1.275870 0.3227723 0.305968
30 0.3138 11 1.220178 0.3113891 0.2911688
30 0.3138 11 1.255673 0.317314 0.3121539
30 0.3138 11 1.270470 0.2837393 0.300204
30 0.3138 10 1.213795 0.3271889 0.311571
30 0.3138 12 1.212755 0.3041475 0.2866511
30 0.3138 10 1.226040 0.3225806 0.2853396
30 0.3138 11 1.223923 0.3034891 0.3150685
30 0.3138 11 1.209067 0.3462804 0.300204
30 0.3138 13 1.270175 0.3222515 0.2975809
30 0.3138 10 1.29047 0.3344305 0.291023
30 0.3146 10 1.276719 0.325673 0.2944266
30 0.3146 7 1.274597 0.3282994 0.3145608
30 0.3146 12 1.254796 0.3532502 0.3066822
30 0.3146 12 1.248509 0.3506238 0.3090166
30 0.3146 12 1.249411 0.3138542 0.2969069
30 0.3146 12 1.265901 0.3168089 0.2947184
30 0.3146 7 1.229489 0.3079448 0.2999708
30 0.3146 13 1.268393 0.3197636 0.2932594
30 0.3146 12 1.230312 0.3040053 0.2842136
30 0.3146 10 1.234141 0.328956 0.3131018
30 0.3128 10 1.262592 0.3143989 0.2892899
30 0.3128 11 1.212281 0.2992074 0.2936554
30 0.3128 10 1.226519 0.3256275 0.3131548
30 0.3128 10 1.212993 0.2793923 0.2956927
30 0.3128 10 1.318167 0.327609 0.3006403
30 0.3128 11 1.237892 0.3170410 0.3003492
30 0.3128 7 1.280969 0.3025099 0.2913271
30 0.3128 12 1.292545 0.3150594 0.3026775
30 0.3128 7 1.210473 0.3130779 0.2863795
30 0.3128 12 1.254492 0.3170410 0.3041327
30 0.3134 7 1.257688 0.3243243 0.291873
30 0.3134 14 1.250754 0.3295979 0.2870667
30 0.3134 7 1.259876 0.3295979 0.316924
30 0.3134 10 1.284714 0.3388266 0.3105156
30 0.3134 7 1.230864 0.3078444 0.2985727
30 0.3134 12 1.244725 0.3282795 0.3017769
30 0.3134 8 1.23959 0.3249835 0.2889601
30 0.3134 12 1.20316 0.3328939 0.3116807
30 0.3134 10 1.250875 0.2959789 0.2994465
30 0.3134 11 1.240868 0.3230059 0.3116807
50 0.0614 7 1.255534 0.5136187 0.4421479
50 0.0614 7 1.299063 0.5175097 0.4378862
50 0.0614 7 1.237929 0.4785992 0.4202003
50 0.0614 12 1.261655 0.4280156 0.4170040
50 0.0614 7 1.271415 0.3968872 0.4285105
50 0.0614 6 1.249378 0.4708171 0.4174302
50 0.0614 7 1.254104 0.4785992 0.4359685
50 0.0614 7 1.265632 0.4396887 0.4095461
50 0.0614 7 1.251155 0.5058366 0.4165779
50 0.0614 6 1.249544 0.4669261 0.4331984
50 0.0612 7 1.175128 0.4960938 0.4077546
50 0.0612 7 1.213958 0.453125 0.4137196
50 0.0612 11 1.245365 0.4921875 0.4296975
50 0.0612 7 1.261478 0.4960938 0.4385386
50 0.0612 7 1.267001 0.4492188 0.4203238
50 0.0612 7 1.229679 0.4960938 0.4254367
50 0.0612 7 1.211280 0.4492188 0.4181934
50 0.0612 7 1.243330 0.5195312 0.4160631
50 0.0612 11 1.245903 0.515625 0.4375799
50 0.0612 7 1.253283 0.5234375 0.4184065
50 0.0616 12 1.267794 0.4534884 0.4245524
50 0.0616 7 1.261121 0.4844961 0.43052
50 0.0616 7 1.266469 0.5077519 0.4102728
50 0.0616 7 1.250556 0.4496124 0.4262575
50 0.0616 6 1.251446 0.5116279 0.4218883
50 0.0616 7 1.220935 0.4689922 0.4241262
50 0.0616 7 1.238665 0.4883721 0.4244459
50 0.0616 7 1.301351 0.4651163 0.4277494
50 0.0616 7 1.197408 0.4302326 0.4149616
50 0.0616 4 1.266981 0.4573643 0.4202899
50 0.0614 6 1.226009 0.4163424 0.4274451
50 0.0614 7 1.216024 0.4435798 0.4107181
50 0.0614 11 1.257993 0.463035 0.4243554
50 0.0614 7 1.243949 0.5175097 0.4291498
50 0.0614 7 1.266744 0.4980545 0.4238227
50 0.0614 7 1.275497 0.4513619 0.4208395
50 0.0614 7 1.208352 0.4319066 0.4027275
50 0.0614 6 1.291216 0.4552529 0.4157255
50 0.0614 11 1.242208 0.4280156 0.4331984
50 0.0614 7 1.263012 0.4319066 0.4281909
50 0.0618 7 1.239543 0.4787645 0.4284801
50 0.0618 7 1.242765 0.4749035 0.4248561
50 0.0618 7 1.278573 0.4440154 0.4073758
50 0.0618 13 1.214678 0.4594595 0.4261352
50 0.0618 7 1.283968 0.5405405 0.4246429
50 0.0618 7 1.264312 0.5057915 0.4244298
50 0.0618 12 1.246062 0.4826255 0.4324238
50 0.0618 6 1.217755 0.5019305 0.4327436
50 0.0618 7 1.219423 0.4710425 0.4084417
50 0.0618 13 1.217763 0.4671815 0.4144106
50 0.0614 7 1.247671 0.4085603 0.4289367
50 0.0614 7 1.261762 0.3929961 0.4137013
50 0.0614 7 1.238624 0.4124514 0.4263797
50 0.0614 7 1.267681 0.5252918 0.4282975
50 0.0614 11 1.214444 0.4552529 0.4268059
50 0.0614 7 1.249381 0.5097276 0.4425740
50 0.0614 7 1.234901 0.4085603 0.4351161
50 0.0614 7 1.282973 0.4747082 0.4239293
50 0.0614 7 1.255489 0.4902724 0.4225442
50 0.0614 7 1.253853 0.4513619 0.4152994
50 0.0618 7 1.243168 0.4980695 0.4399915
50 0.0618 7 1.231071 0.4826255 0.4208058
50 0.0618 7 1.255343 0.4594595 0.435728
50 0.0618 7 1.282045 0.4362934 0.4244298
50 0.0618 7 1.251549 0.4826255 0.4235771
50 0.0618 7 1.225330 0.4594595 0.422298
50 0.0618 7 1.232147 0.3976834 0.4246429
50 0.0618 7 1.204975 0.4362934 0.4282669
50 0.0618 7 1.278826 0.5019305 0.4253890
50 0.0618 7 1.224941 0.4285714 0.4054573
50 0.0616 7 1.232464 0.4767442 0.4200767
50 0.0616 7 1.266218 0.4689922 0.4141091
50 0.0616 7 1.284575 0.5155039 0.4264706
50 0.0616 7 1.240679 0.4689922 0.4343564
50 0.0616 7 1.207104 0.505814 0.4283887
50 0.0616 7 1.268116 0.4069767 0.4298806
50 0.0616 7 1.262291 0.4689922 0.4369139
50 0.0616 7 1.236217 0.4496124 0.4260443
50 0.0616 7 1.211339 0.496124 0.4160273
50 0.0616 7 1.293825 0.4341085 0.4330776
50 0.0616 7 1.241909 0.4612403 0.4328645
50 0.0616 7 1.232217 0.5116279 0.4277494
50 0.0616 7 1.244761 0.4496124 0.4216752
50 0.0616 7 1.233405 0.4651163 0.4130435
50 0.0616 7 1.261935 0.4767442 0.4092072
50 0.0616 7 1.241650 0.4806202 0.4181586
50 0.0616 6 1.304108 0.5 0.4200767
50 0.0616 6 1.232786 0.5116279 0.4294544
50 0.0616 7 1.250717 0.496124 0.4124041
50 0.0616 11 1.276283 0.4883721 0.4283887
50 0.061 12 1.226150 0.4666667 0.4301384
50 0.061 7 1.262793 0.4901961 0.4047923
50 0.061 7 1.254034 0.4823529 0.4206603
50 0.061 7 1.255394 0.4627451 0.429606
50 0.061 7 1.241523 0.5058824 0.4362087
50 0.061 7 1.276172 0.4666667 0.4270501
50 0.061 7 1.257394 0.4980392 0.4144835
50 0.061 7 1.230899 0.4352941 0.4093717
50 0.061 7 1.223173 0.4745098 0.4087327
50 0.061 8 1.279082 0.4509804 0.4315229
50 0.2188 7 1.252384 0.4252874 0.4161546
50 0.2188 7 1.28307 0.4913793 0.4362519
50 0.2188 11 1.268831 0.460728 0.4307476
50 0.2188 7 1.308246 0.4521073 0.4340758
50 0.2188 12 1.283681 0.4530651 0.4281874
50 0.2188 7 1.272138 0.4511494 0.4293395
50 0.2188 7 1.261096 0.4655172 0.4385561
50 0.2188 11 1.267381 0.4568966 0.4306196
50 0.2188 7 1.241066 0.4827586 0.4190988
50 0.2188 4 1.291831 0.4396552 0.4137225
50 0.2196 7 1.278109 0.4837786 0.4433624
50 0.2196 7 1.248462 0.5004771 0.434777
50 0.2196 7 1.261529 0.4742366 0.4315736
50 0.2196 7 1.290191 0.4770992 0.4351615
50 0.2196 7 1.235574 0.4570611 0.4208098
50 0.2196 7 1.276813 0.4561069 0.4228601
50 0.2196 7 1.284910 0.476145 0.4366991
50 0.2196 8 1.317431 0.4828244 0.451307
50 0.2196 4 1.326175 0.4360687 0.429267
50 0.2196 7 1.318447 0.4694656 0.4587391
50 0.219 13 1.270700 0.4794258 0.4330346
50 0.219 11 1.257883 0.4583732 0.4330346
50 0.219 7 1.277378 0.4593301 0.4202305
50 0.219 7 1.232250 0.4746411 0.425096
50 0.219 11 1.306855 0.4746411 0.4307298
50 0.219 6 1.261796 0.4861244 0.4355954
50 0.219 7 1.258551 0.4631579 0.434443
50 0.219 10 1.300472 0.5119617 0.4340589
50 0.219 4 1.268024 0.4851675 0.4245839
50 0.219 7 1.244556 0.477512 0.4253521
50 0.2182 7 1.326162 0.4649376 0.409056
50 0.2182 4 1.239238 0.4783862 0.4301612
50 0.2182 7 1.288382 0.4697406 0.42901
50 0.2182 7 1.233938 0.4707012 0.4302891
50 0.2182 7 1.304352 0.4668588 0.4313124
50 0.2182 7 1.234734 0.4860711 0.4397544
50 0.2182 7 1.266086 0.4476465 0.441801
50 0.2182 7 1.273796 0.4524496 0.4448708
50 0.2182 7 1.279932 0.4716619 0.4308007
50 0.2182 6 1.298843 0.4755043 0.4430801
50 0.2194 7 1.296410 0.4909265 0.4174994
50 0.2194 7 1.263251 0.4632283 0.4369716
50 0.2194 7 1.273750 0.4708691 0.4186523
50 0.2194 7 1.259463 0.4579752 0.4224955
50 0.2194 11 1.268100 0.4928367 0.4299257
50 0.2194 13 1.264735 0.4517670 0.4246733
50 0.2194 12 1.280594 0.4966571 0.4388932
50 0.2194 7 1.324655 0.495702 0.4365872
50 0.2194 6 1.286309 0.4851958 0.4427364
50 0.2194 11 1.303049 0.4517670 0.4340251
50 0.2188 4 1.211727 0.4521073 0.4120584
50 0.2188 7 1.293709 0.4798851 0.4239631
50 0.2188 7 1.285559 0.4774904 0.437404
50 0.2188 6 1.221366 0.4923372 0.4336918
50 0.2188 7 1.235493 0.4798851 0.4262673
50 0.2188 7 1.233052 0.4846743 0.4431644
50 0.2188 12 1.263199 0.4588123 0.4285714
50 0.2188 7 1.285225 0.454023 0.4234511
50 0.2188 6 1.265464 0.4597701 0.4188428
50 0.2188 7 1.279602 0.4597701 0.4339478
50 0.2188 7 1.282982 0.4693487 0.4180748
50 0.2188 12 1.265342 0.5191571 0.4301075
50 0.2188 7 1.278395 0.4329502 0.4257552
50 0.2188 7 1.323141 0.5057471 0.4349718
50 0.2188 7 1.325252 0.493295 0.4198669
50 0.2188 7 1.273534 0.4626437 0.4311316
50 0.2188 7 1.244644 0.4789272 0.4142345
50 0.2188 4 1.264092 0.4645594 0.4208909
50 0.2188 7 1.237223 0.4463602 0.4201229
50 0.2188 7 1.285127 0.4655172 0.4418843
50 0.2186 6 1.301542 0.42186 0.4225749
50 0.2186 7 1.247031 0.4554171 0.4173279
50 0.2186 7 1.261100 0.4650048 0.4182237
50 0.2186 7 1.237417 0.4947267 0.4302534
50 0.2186 7 1.313323 0.4745925 0.442539
50 0.2186 7 1.275336 0.4439118 0.4229588
50 0.2186 6 1.262244 0.4439118 0.4170719
50 0.2186 7 1.331904 0.4381592 0.4159201
50 0.2186 11 1.280563 0.464046 0.4210392
50 0.2186 8 1.324535 0.4343241 0.4200154
50 0.2196 7 1.250058 0.4646947 0.4446438
50 0.2196 7 1.272727 0.4723282 0.4320861
50 0.2196 7 1.249892 0.4675573 0.4400308
50 0.2196 11 1.258109 0.4837786 0.4272168
50 0.2196 4 1.278728 0.476145 0.435674
50 0.2196 7 1.242266 0.4818702 0.4282419
50 0.2196 4 1.294035 0.4723282 0.4343926
50 0.2196 7 1.262835 0.4980916 0.4364428
50 0.2196 8 1.253430 0.4561069 0.424654
50 0.2196 7 1.261756 0.4656489 0.4214505
50 0.2192 11 1.267652 0.4445507 0.4226434
50 0.2192 7 1.278600 0.4694073 0.4216189
50 0.2192 7 1.303656 0.4837476 0.4161117
50 0.2192 4 1.284983 0.4521989 0.4331455
50 0.2192 7 1.249246 0.456979 0.4185451
50 0.2192 7 1.278128 0.5081262 0.4339139
50 0.2192 6 1.283174 0.4608031 0.4157275
50 0.2192 7 1.268221 0.4670172 0.4199539
50 0.2192 7 1.256494 0.4636711 0.4214908
50 0.2192 7 1.242159 0.4818356 0.4285348
50 0.3138 7 1.286493 0.4575379 0.4307782
50 0.3138 12 1.253459 0.4555629 0.4214515
50 0.3138 6 1.309854 0.4516129 0.4264063
50 0.3138 12 1.295498 0.4591837 0.4389391
50 0.3138 7 1.240397 0.4746544 0.4176625
50 0.3138 7 1.273581 0.4891376 0.4401049
50 0.3138 7 1.254415 0.4456880 0.4322355
50 0.3138 7 1.299118 0.4562212 0.4296124
50 0.3138 7 1.298377 0.4549045 0.4245118
50 0.3138 13 1.298024 0.455892 0.4304867
50 0.3146 7 1.280767 0.455023 0.4201926
50 0.3146 7 1.270461 0.445174 0.41815
50 0.3146 6 1.278817 0.4438608 0.4245696
50 0.3146 7 1.286460 0.4697965 0.4229647
50 0.3146 7 1.268490 0.4629022 0.435658
50 0.3146 7 1.290163 0.458306 0.4102714
50 0.3146 7 1.311900 0.458306 0.4403268
50 0.3146 6 1.263357 0.4694682 0.4377006
50 0.3146 6 1.298935 0.4786605 0.4362416
50 0.3146 7 1.281282 0.4491136 0.4344908
50 0.3138 7 1.288513 0.439763 0.4179539
50 0.3138 7 1.255483 0.4786043 0.4377732
50 0.3138 8 1.282710 0.4789335 0.4389391
50 0.3138 7 1.290499 0.4516129 0.4368989
50 0.3138 7 1.272944 0.4483213 0.4288837
50 0.3138 7 1.275511 0.4851876 0.4185369
50 0.3138 11 1.27424 0.4739961 0.4491402
50 0.3138 7 1.278163 0.4680711 0.4255319
50 0.3138 8 1.282352 0.4542462 0.4246575
50 0.3138 7 1.285445 0.4726794 0.4452055
50 0.3128 7 1.274357 0.4768824 0.4237485
50 0.3128 7 1.29615 0.4725892 0.4262224
50 0.3128 11 1.304729 0.4682959 0.4365541
50 0.3128 11 1.245595 0.4583884 0.4252037
50 0.3128 7 1.251499 0.4577279 0.4493597
50 0.3128 7 1.278428 0.4788639 0.4284051
50 0.3128 7 1.247213 0.4583884 0.4234575
50 0.3128 12 1.302318 0.5006605 0.427532
50 0.3128 7 1.309341 0.4544254 0.4199651
50 0.3128 7 1.278793 0.4735799 0.4126892
50 0.3138 7 1.277620 0.4825543 0.4205771
50 0.3138 7 1.241646 0.4443713 0.4329642
50 0.3138 7 1.245920 0.4588545 0.4004663
50 0.3138 6 1.265241 0.4601712 0.4129991
50 0.3138 7 1.299530 0.457867 0.423346
50 0.3138 7 1.269116 0.4687294 0.4310697
50 0.3138 7 1.277190 0.4476629 0.4215972
50 0.3138 7 1.282684 0.4588545 0.4386476
50 0.3138 7 1.266241 0.4430546 0.4109589
50 0.3138 7 1.294447 0.4707044 0.4366074
50 0.313 7 1.301670 0.4580858 0.4218341
50 0.313 7 1.292196 0.4646865 0.4285298
50 0.313 13 1.268038 0.4613861 0.4259098
50 0.313 7 1.292949 0.4742574 0.4454148
50 0.313 7 1.251816 0.440264 0.4279476
50 0.313 7 1.25604 0.4495050 0.4441048
50 0.313 13 1.298766 0.4633663 0.43377
50 0.313 4 1.282332 0.469637 0.4215429
50 0.313 7 1.261758 0.4646865 0.4320233
50 0.313 7 1.266535 0.4660066 0.4294032
50 0.3138 7 1.261001 0.4581962 0.4221801
50 0.3138 7 1.259334 0.4614878 0.4412708
50 0.3138 7 1.320063 0.479921 0.431944
50 0.3138 7 1.273822 0.4404213 0.4293209
50 0.3138 7 1.266831 0.4351547 0.4313611
50 0.3138 7 1.278055 0.4529296 0.4137278
50 0.3138 7 1.275253 0.4473338 0.4386476
50 0.3138 7 1.254511 0.4707044 0.4252405
50 0.3138 11 1.271814 0.4707044 0.4232002
50 0.3138 7 1.268819 0.4720211 0.4236374
50 0.3146 7 1.257633 0.461589 0.4295302
50 0.3146 6 1.271998 0.4875246 0.4277794
50 0.3146 7 1.302609 0.4871963 0.4324482
50 0.3146 6 1.293144 0.4773473 0.4321564
50 0.3146 7 1.270412 0.448457 0.4228188
50 0.3146 7 1.233336 0.4661852 0.4484972
50 0.3146 8 1.277773 0.4773473 0.4219434
50 0.3146 14 1.253929 0.4642154 0.412314
50 0.3146 7 1.295877 0.4701248 0.4143566
50 0.3146 8 1.242742 0.4753775 0.4422235
50 0.3128 11 1.228238 0.4564069 0.4211292
50 0.3128 7 1.272287 0.4451783 0.4359721
50 0.3128 7 1.286947 0.4649934 0.4254948
50 0.3128 13 1.278829 0.4451783 0.4138533
50 0.3128 7 1.258437 0.4755614 0.4199651
50 0.3128 7 1.257513 0.4385733 0.4118161
50 0.3128 7 1.274434 0.4484808 0.4080326
50 0.3128 7 1.303230 0.4801849 0.4377183
50 0.3128 7 1.273836 0.4511229 0.419674
50 0.3128 7 1.331746 0.4583884 0.4279686
50 0.3134 7 1.312332 0.4693474 0.4267405
50 0.3134 6 1.280708 0.4733026 0.4226624
50 0.3134 12 1.263649 0.468029 0.4392659
50 0.3134 7 1.259721 0.4617666 0.4305272
50 0.3134 6 1.268627 0.4785761 0.4070784
50 0.3134 7 1.277555 0.4489123 0.4381008
50 0.3134 7 1.256642 0.4749506 0.4456743
50 0.3134 4 1.274374 0.4452868 0.4370813
50 0.3134 7 1.252306 0.4693474 0.4308185
50 0.3134 7 1.340132 0.4574819 0.4299447
500 0.0614 9 0.9850615 0 0
500 0.0614 9 1.017858 0 0
500 0.0614 9 1.026329 0 0
500 0.0614 9 1.007219 0 0
500 0.0614 9 1.028419 0 0
500 0.0614 9 1.004571 0 0
500 0.0614 9 1.023178 0 0
500 0.0614 9 1.021450 0 0
500 0.0614 9 0.9975952 0 0
500 0.0614 9 1.023576 0 0
500 0.0612 9 1.014833 0 0
500 0.0612 9 1.025137 0 0
500 0.0612 9 1.027903 0 0
500 0.0612 9 1.013483 0 0
500 0.0612 9 1.002313 0 0
500 0.0612 9 1.014288 0 0
500 0.0612 9 1.039428 0 0
500 0.0612 9 1.003989 0 0
500 0.0612 9 1.013855 0 0
500 0.0612 9 1.030386 0 0
500 0.0616 9 1.025647 0 0
500 0.0616 9 1.000816 0 0
500 0.0616 9 1.000146 0 0
500 0.0616 9 1.006678 0 0
500 0.0616 9 1.037615 0 0
500 0.0616 9 1.014021 0 0
500 0.0616 9 1.014786 0 0
500 0.0616 9 1.004756 0 0
500 0.0616 9 0.998988 0 0
500 0.0616 9 1.010412 0 0
500 0.0614 9 1.031438 0 0
500 0.0614 9 1.028987 0 0
500 0.0614 9 1.008760 0 0
500 0.0614 9 0.9912244 0 0
500 0.0614 9 0.9872941 0 0
500 0.0614 9 1.031797 0 0
500 0.0614 9 1.002949 0 0
500 0.0614 9 1.020256 0 0
500 0.0614 9 1.028580 0 0
500 0.0614 9 1.024041 0 0
500 0.0618 9 1.028209 0 0
500 0.0618 9 0.9983648 0 0
500 0.0618 9 1.003928 0 0
500 0.0618 9 1.048342 0 0
500 0.0618 9 0.9990418 0 0
500 0.0618 9 1.020993 0 0
500 0.0618 9 1.019514 0 0
500 0.0618 9 1.004307 0 0
500 0.0618 9 0.9929947 0 0
500 0.0618 9 0.9989187 0 0
500 0.0614 9 1.023954 0 0
500 0.0614 9 1.024765 0 0
500 0.0614 9 0.9969116 0 0
500 0.0614 9 1.008638 0 0
500 0.0614 9 1.019164 0 0
500 0.0614 9 1.011435 0 0
500 0.0614 9 1.007467 0 0
500 0.0614 9 1.024471 0 0
500 0.0614 9 1.020599 0 0
500 0.0614 9 1.020278 0 0
500 0.0618 9 1.010589 0 0
500 0.0618 9 1.015710 0 0
500 0.0618 9 0.9998183 0 0
500 0.0618 9 1.002650 0 0
500 0.0618 9 1.008297 0 0
500 0.0618 9 1.005661 0 0
500 0.0618 9 1.043190 0 0
500 0.0618 9 1.014858 0 0
500 0.0618 9 1.042919 0 0
500 0.0618 9 0.9859852 0 0
500 0.0616 9 1.037081 0 0
500 0.0616 9 1.032426 0 0
500 0.0616 9 1.030082 0 0
500 0.0616 9 1.010847 0 0
500 0.0616 9 0.9935747 0 0
500 0.0616 9 1.017500 0 0
500 0.0616 9 1.010672 0 0
500 0.0616 9 1.017611 0 0
500 0.0616 9 1.026408 0 0
500 0.0616 9 1.022878 0 0
500 0.0616 9 1.002648 0 0
500 0.0616 9 1.015026 0 0
500 0.0616 9 0.9918625 0 0
500 0.0616 9 1.012766 0 0
500 0.0616 9 1.035737 0 0
500 0.0616 9 1.007397 0 0
500 0.0616 9 0.9952535 0 0
500 0.0616 9 1.028488 0 0
500 0.0616 9 1.000079 0 0
500 0.0616 9 0.9946347 0 0
500 0.061 9 1.02261 0 0
500 0.061 9 1.028673 0 0
500 0.061 9 0.9936637 0 0
500 0.061 9 1.015559 0 0
500 0.061 9 1.024843 0 0
500 0.061 9 1.015186 0 0
500 0.061 9 1.011912 0 0
500 0.061 9 1.025265 0 0
500 0.061 9 1.002890 0 0
500 0.061 9 1.020425 0 0
500 0.2188 9 1.059828 0 0
500 0.2188 9 1.082069 0 0
500 0.2188 9 1.066696 0 0
500 0.2188 9 1.060540 0 0
500 0.2188 9 1.058349 0 0
500 0.2188 9 1.065542 0 0
500 0.2188 9 1.068595 0 0
500 0.2188 9 1.046156 0 0
500 0.2188 9 1.052184 0 0
500 0.2188 9 1.071773 0 0
500 0.2196 9 1.058362 0 0
500 0.2196 9 1.034948 0 0
500 0.2196 9 1.070645 0 0
500 0.2196 9 1.068925 0 0
500 0.2196 9 1.089175 0 0
500 0.2196 9 1.078447 0 0
500 0.2196 9 1.062771 0 0
500 0.2196 9 1.058700 0 0
500 0.2196 9 1.05821 0 0
500 0.2196 9 1.087924 0 0
500 0.219 9 1.053918 0 0
500 0.219 9 1.042319 0 0
500 0.219 9 1.066112 0 0
500 0.219 9 1.041797 0 0
500 0.219 9 1.048284 0 0
500 0.219 9 1.070035 0 0
500 0.219 9 1.075433 0 0
500 0.219 9 1.055059 0 0
500 0.219 9 1.046086 0 0
500 0.219 9 1.081842 0 0
500 0.2182 9 1.045505 0 0
500 0.2182 9 1.062179 0 0
500 0.2182 9 1.060477 0 0
500 0.2182 9 1.074058 0 0
500 0.2182 9 1.059759 0 0
500 0.2182 9 1.092108 0 0
500 0.2182 9 1.012795 0 0
500 0.2182 9 1.071266 0 0
500 0.2182 9 1.066677 0 0
500 0.2182 9 1.038794 0 0
500 0.2194 9 1.065605 0 0
500 0.2194 9 1.077171 0 0
500 0.2194 9 1.055708 0 0
500 0.2194 9 1.070895 0 0
500 0.2194 9 1.080401 0 0
500 0.2194 9 1.044226 0 0
500 0.2194 9 1.055854 0 0
500 0.2194 9 1.070917 0 0
500 0.2194 9 1.076310 0 0
500 0.2194 9 1.057827 0 0
500 0.2188 9 1.055844 0 0
500 0.2188 9 1.072015 0 0
500 0.2188 9 1.034194 0 0
500 0.2188 9 1.056210 0 0
500 0.2188 9 1.081879 0 0
500 0.2188 9 1.078179 0 0
500 0.2188 9 1.073595 0 0
500 0.2188 9 1.086596 0 0
500 0.2188 9 1.084409 0 0
500 0.2188 9 1.080579 0 0
500 0.2188 9 1.068722 0 0
500 0.2188 9 1.067192 0 0
500 0.2188 9 1.031496 0 0
500 0.2188 9 1.044709 0 0
500 0.2188 9 1.044012 0 0
500 0.2188 9 1.090358 0 0
500 0.2188 9 1.077705 0 0
500 0.2188 9 1.050775 0 0
500 0.2188 9 1.045401 0 0
500 0.2188 9 1.072234 0 0
500 0.2186 9 1.107418 0 0
500 0.2186 9 1.079504 0 0
500 0.2186 9 1.079720 0 0
500 0.2186 9 1.060732 0 0
500 0.2186 9 1.059833 0 0
500 0.2186 9 1.061026 0 0
500 0.2186 9 1.055236 0 0
500 0.2186 9 1.059874 0 0
500 0.2186 9 1.083422 0 0
500 0.2186 9 1.073186 0 0
500 0.2196 9 1.058920 0 0
500 0.2196 9 1.054528 0 0
500 0.2196 9 1.038801 0 0
500 0.2196 9 1.040904 0 0
500 0.2196 9 1.058138 0 0
500 0.2196 9 1.046388 0 0
500 0.2196 9 1.053155 0 0
500 0.2196 9 1.079538 0 0
500 0.2196 9 1.093755 0 0
500 0.2196 9 1.046832 0 0
500 0.2192 9 1.047685 0 0
500 0.2192 9 1.059407 0 0
500 0.2192 9 1.079981 0 0
500 0.2192 9 1.088265 0 0
500 0.2192 9 1.083952 0 0
500 0.2192 9 1.047756 0 0
500 0.2192 9 1.046386 0 0
500 0.2192 9 1.051312 0 0
500 0.2192 9 1.059435 0 0
500 0.2192 9 1.062666 0 0
500 0.3138 9 1.081924 0 0
500 0.3138 9 1.071805 0 0
500 0.3138 9 1.082866 0 0
500 0.3138 9 1.093819 0 0
500 0.3138 9 1.090585 0 0
500 0.3138 9 1.056332 0 0
500 0.3138 9 1.068745 0 0
500 0.3138 9 1.098487 0 0
500 0.3138 9 1.076440 0 0
500 0.3138 9 1.087925 0 0
500 0.3146 9 1.070710 0 0
500 0.3146 9 1.073841 0 0
500 0.3146 9 1.103932 0 0
500 0.3146 9 1.063174 0 0
500 0.3146 9 1.105293 0 0
500 0.3146 9 1.130113 0 0
500 0.3146 9 1.070280 0 0
500 0.3146 9 1.099490 0 0
500 0.3146 9 1.078164 0 0
500 0.3146 9 1.085063 0 0
500 0.3138 9 1.071811 0 0
500 0.3138 9 1.058541 0 0
500 0.3138 9 1.082262 0 0
500 0.3138 9 1.098041 0 0
500 0.3138 9 1.072038 0 0
500 0.3138 9 1.074566 0 0
500 0.3138 9 1.110350 0 0
500 0.3138 9 1.065369 0 0
500 0.3138 9 1.074681 0 0
500 0.3138 9 1.076388 0 0
500 0.3128 9 1.076191 0 0
500 0.3128 9 1.072567 0 0
500 0.3128 9 1.062011 0 0
500 0.3128 9 1.078557 0 0
500 0.3128 9 1.081743 0 0
500 0.3128 9 1.063268 0 0
500 0.3128 9 1.061676 0 0
500 0.3128 9 1.096566 0 0
500 0.3128 9 1.088028 0 0
500 0.3128 9 1.088885 0 0
500 0.3138 9 1.093179 0 0
500 0.3138 9 1.096659 0 0
500 0.3138 9 1.087079 0 0
500 0.3138 9 1.076961 0 0
500 0.3138 9 1.079379 0 0
500 0.3138 9 1.092628 0 0
500 0.3138 9 1.122254 0 0
500 0.3138 9 1.056642 0 0
500 0.3138 9 1.086964 0 0
500 0.3138 9 1.081243 0 0
500 0.313 9 1.106731 0 0
500 0.313 9 1.075878 0 0
500 0.313 9 1.055763 0 0
500 0.313 9 1.083620 0 0
500 0.313 9 1.092188 0 0
500 0.313 9 1.074691 0 0
500 0.313 9 1.068546 0 0
500 0.313 9 1.095432 0 0
500 0.313 9 1.077272 0 0
500 0.313 9 1.053706 0 0
500 0.3138 9 1.091203 0 0
500 0.3138 9 1.043038 0 0
500 0.3138 9 1.075238 0 0
500 0.3138 9 1.077940 0 0
500 0.3138 9 1.089986 0 0
500 0.3138 9 1.039151 0 0
500 0.3138 9 1.083769 0 0
500 0.3138 9 1.070192 0 0
500 0.3138 9 1.084416 0 0
500 0.3138 9 1.061061 0 0
500 0.3146 9 1.070504 0 0
500 0.3146 9 1.083044 0 0
500 0.3146 9 1.040592 0 0
500 0.3146 9 1.097692 0 0
500 0.3146 9 1.078902 0 0
500 0.3146 9 1.069841 0 0
500 0.3146 9 1.095412 0 0
500 0.3146 9 1.082810 0 0
500 0.3146 9 1.090756 0 0
500 0.3146 9 1.087422 0 0
500 0.3128 9 1.070669 0 0
500 0.3128 9 1.092096 0 0
500 0.3128 9 1.071467 0 0
500 0.3128 9 1.078793 0 0
500 0.3128 9 1.076048 0 0
500 0.3128 9 1.085459 0 0
500 0.3128 9 1.051701 0 0
500 0.3128 9 1.052598 0 0
500 0.3128 9 1.056852 0 0
500 0.3128 9 1.075189 0 0
500 0.3134 9 1.089178 0 0
500 0.3134 9 1.086149 0 0
500 0.3134 9 1.095368 0 0
500 0.3134 9 1.074826 0 0
500 0.3134 9 1.053511 0 0
500 0.3134 9 1.087532 0 0
500 0.3134 9 1.072707 0 0
500 0.3134 9 1.084960 0 0
500 0.3134 9 1.100703 0 0
500 0.3134 9 1.077093 0 0
1000 0.0614 8 1.014774 0 0
1000 0.0614 7 1.007726 0 0
1000 0.0614 8 1.04015 0 0
1000 0.0614 8 1.033148 0 0
1000 0.0614 7 1.011547 0 0
1000 0.0614 8 1.018493 0 0
1000 0.0614 7 1.018089 0 0
1000 0.0614 7 1.023522 0 0
1000 0.0614 7 1.018191 0 0
1000 0.0614 8 1.003991 0 0
1000 0.0612 7 1.001079 0 0
1000 0.0612 7 0.990751 0 0
1000 0.0612 8 1.015955 0 0
1000 0.0612 8 1.014467 0 0
1000 0.0612 7 1.014988 0 0
1000 0.0612 8 1.018504 0 0
1000 0.0612 8 1.031669 0 0
1000 0.0612 8 1.002203 0 0
1000 0.0612 7 1.031627 0 0
1000 0.0612 8 1.009512 0 0
1000 0.0616 8 1.024728 0 0
1000 0.0616 8 1.030095 0 0
1000 0.0616 9 1.000807 0.003875969 0
1000 0.0616 8 1.026942 0 0
1000 0.0616 8 1.014226 0 0
1000 0.0616 7 1.039352 0 0
1000 0.0616 8 1.006054 0 0
1000 0.0616 8 1.032739 0 0
1000 0.0616 7 1.031994 0 0
1000 0.0616 7 1.025613 0 0
1000 0.0614 8 1.004994 0 0
1000 0.0614 8 1.034365 0 0
1000 0.0614 8 1.013543 0 0
1000 0.0614 8 1.006880 0 0
1000 0.0614 7 1.018422 0 0
1000 0.0614 7 0.9987043 0 0
1000 0.0614 8 1.011929 0 0
1000 0.0614 8 1.035717 0 0
1000 0.0614 7 1.033626 0 0
1000 0.0614 8 1.01028 0 0
1000 0.0618 7 1.029709 0 0
1000 0.0618 7 1.040171 0 0
1000 0.0618 7 1.031832 0 0
1000 0.0618 7 1.027217 0 0
1000 0.0618 8 1.019978 0 0
1000 0.0618 7 1.016827 0 0
1000 0.0618 8 1.015466 0 0
1000 0.0618 7 1.006821 0 0
1000 0.0618 7 1.037842 0 0
1000 0.0618 7 1.002495 0 0
1000 0.0614 7 0.9930244 0 0
1000 0.0614 8 1.029147 0 0
1000 0.0614 10 1.020370 0 0
1000 0.0614 8 0.9973204 0 0
1000 0.0614 8 1.030998 0 0
1000 0.0614 8 1.015520 0 0
1000 0.0614 8 1.016772 0 0
1000 0.0614 8 1.024806 0 0
1000 0.0614 7 1.018464 0 0
1000 0.0614 7 0.991929 0 0
1000 0.0618 8 1.020905 0 0
1000 0.0618 8 1.020114 0 0
1000 0.0618 7 1.039108 0 0
1000 0.0618 8 1.023619 0 0
1000 0.0618 7 1.052481 0 0
1000 0.0618 8 1.014428 0 0
1000 0.0618 8 0.9958707 0 0
1000 0.0618 8 0.9909795 0 0
1000 0.0618 7 0.9963756 0 0
1000 0.0618 8 1.008907 0 0
1000 0.0616 8 1.024594 0 0
1000 0.0616 8 1.022381 0 0
1000 0.0616 8 1.001756 0 0
1000 0.0616 7 1.005415 0 0
1000 0.0616 7 1.012713 0 0
1000 0.0616 7 1.022799 0 0
1000 0.0616 7 1.007854 0 0
1000 0.0616 7 1.023800 0 0
1000 0.0616 7 1.005515 0 0
1000 0.0616 7 1.002411 0 0
1000 0.0616 7 1.014101 0 0
1000 0.0616 8 1.021514 0 0
1000 0.0616 7 1.029942 0 0
1000 0.0616 7 1.025776 0 0
1000 0.0616 8 1.032343 0 0
1000 0.0616 7 1.006857 0 0
1000 0.0616 8 1.043304 0 0
1000 0.0616 7 1.008154 0 0
1000 0.0616 8 1.012680 0 0
1000 0.0616 8 1.022382 0 0
1000 0.061 7 0.9902307 0 0
1000 0.061 8 1.029297 0 0
1000 0.061 7 1.002171 0 0
1000 0.061 7 1.033279 0 0
1000 0.061 10 1.030453 0 0
1000 0.061 8 1.014152 0 0
1000 0.061 7 1.023861 0 0
1000 0.061 8 1.012334 0 0
1000 0.061 8 1.000827 0 0
1000 0.061 8 1.004950 0 0
1000 0.2188 8 1.064542 0 0
1000 0.2188 8 1.059455 0 0
1000 0.2188 8 1.098344 0 0
1000 0.2188 8 1.071453 0 0
1000 0.2188 8 1.059816 0 0
1000 0.2188 8 1.045370 0 0
1000 0.2188 8 1.051248 0 0
1000 0.2188 8 1.052373 0 0
1000 0.2188 8 1.059673 0 0
1000 0.2188 8 1.039913 0 0
1000 0.2196 8 1.052387 0 0
1000 0.2196 8 1.090380 0 0
1000 0.2196 8 1.049943 0 0
1000 0.2196 8 1.075775 0 0
1000 0.2196 8 1.040243 0 0
1000 0.2196 8 1.047211 0 0
1000 0.2196 8 1.083958 0 0
1000 0.2196 8 1.090046 0 0
1000 0.2196 8 1.081108 0 0
1000 0.2196 8 1.066274 0 0
1000 0.219 8 1.079019 0 0
1000 0.219 8 1.076103 0 0
1000 0.219 8 1.080194 0 0
1000 0.219 8 1.044186 0 0
1000 0.219 8 1.054412 0 0
1000 0.219 8 1.090819 0 0
1000 0.219 8 1.038516 0 0
1000 0.219 8 1.053159 0 0
1000 0.219 8 1.071079 0 0
1000 0.219 8 1.037307 0 0
1000 0.2182 8 1.040002 0 0
1000 0.2182 8 1.090955 0 0
1000 0.2182 8 1.055718 0 0
1000 0.2182 8 1.062641 0 0
1000 0.2182 8 1.048845 0 0
1000 0.2182 8 1.031349 0 0
1000 0.2182 8 1.042698 0 0
1000 0.2182 8 1.041459 0 0
1000 0.2182 8 1.035089 0 0
1000 0.2182 8 1.044536 0 0
1000 0.2194 8 1.082284 0 0
1000 0.2194 8 1.075366 0 0
1000 0.2194 8 1.043775 0 0
1000 0.2194 8 1.067783 0 0
1000 0.2194 8 1.101393 0 0
1000 0.2194 8 1.067803 0 0
1000 0.2194 8 1.074835 0 0
1000 0.2194 8 1.053019 0 0
1000 0.2194 8 1.057421 0 0
1000 0.2194 8 1.053341 0 0
1000 0.2188 8 1.049040 0 0
1000 0.2188 8 1.035852 0 0
1000 0.2188 8 1.058497 0 0
1000 0.2188 8 1.065952 0 0
1000 0.2188 8 1.044715 0 0
1000 0.2188 8 1.075881 0 0
1000 0.2188 8 1.054921 0 0
1000 0.2188 8 1.052302 0 0
1000 0.2188 8 1.059826 0 0
1000 0.2188 8 1.043197 0 0
1000 0.2188 8 1.061545 0 0
1000 0.2188 8 1.047881 0 0
1000 0.2188 8 1.087281 0.0009578544 0
1000 0.2188 8 1.087816 0 0
1000 0.2188 8 1.049621 0 0
1000 0.2188 8 1.069112 0 0
1000 0.2188 8 1.056384 0 0
1000 0.2188 8 1.070449 0 0
1000 0.2188 8 1.056378 0 0
1000 0.2188 8 1.067705 0 0
1000 0.2186 8 1.051207 0 0
1000 0.2186 8 1.058112 0 0
1000 0.2186 8 1.076501 0 0
1000 0.2186 8 1.043958 0 0
1000 0.2186 8 1.057147 0 0
1000 0.2186 8 1.061433 0 0
1000 0.2186 8 1.056888 0 0
1000 0.2186 8 1.033037 0 0
1000 0.2186 8 1.066315 0 0
1000 0.2186 8 1.077446 0 0
1000 0.2196 8 1.063094 0 0
1000 0.2196 8 1.071024 0 0
1000 0.2196 8 1.057728 0.0009541985 0
1000 0.2196 8 1.071646 0 0
1000 0.2196 8 1.061295 0 0
1000 0.2196 8 1.089545 0 0
1000 0.2196 8 1.071051 0 0
1000 0.2196 8 1.058345 0 0
1000 0.2196 8 1.076660 0 0
1000 0.2196 8 1.059278 0 0
1000 0.2192 8 1.058025 0 0
1000 0.2192 8 1.051671 0 0
1000 0.2192 8 1.061323 0 0
1000 0.2192 8 1.077387 0 0
1000 0.2192 8 1.089919 0 0
1000 0.2192 8 1.063081 0 0
1000 0.2192 8 1.065435 0 0
1000 0.2192 8 1.076572 0 0
1000 0.2192 8 1.050682 0 0
1000 0.2192 8 1.048710 0 0
1000 0.3138 8 1.089406 0 0
1000 0.3138 9 1.065797 0 0
1000 0.3138 8 1.095228 0 0
1000 0.3138 8 1.080307 0 0
1000 0.3138 8 1.083160 0 0
1000 0.3138 8 1.067357 0 0
1000 0.3138 9 1.1145 0 0
1000 0.3138 9 1.095825 0 0
1000 0.3138 8 1.083117 0 0
1000 0.3138 8 1.108335 0 0
1000 0.3146 8 1.088673 0 0
1000 0.3146 9 1.094645 0 0
1000 0.3146 8 1.074574 0 0
1000 0.3146 8 1.071652 0 0
1000 0.3146 8 1.12356 0 0
1000 0.3146 8 1.080316 0 0
1000 0.3146 8 1.064701 0 0
1000 0.3146 8 1.086085 0 0
1000 0.3146 8 1.095444 0 0
1000 0.3146 9 1.115859 0.0006565988 0
1000 0.3138 8 1.036384 0 0
1000 0.3138 8 1.074645 0 0
1000 0.3138 9 1.103345 0.0006583278 0
1000 0.3138 8 1.092872 0 0
1000 0.3138 8 1.070234 0 0
1000 0.3138 8 1.095492 0 0
1000 0.3138 8 1.087513 0 0
1000 0.3138 8 1.076062 0 0
1000 0.3138 8 1.060852 0 0
1000 0.3138 8 1.069115 0 0
1000 0.3128 8 1.087058 0 0
1000 0.3128 8 1.076694 0 0
1000 0.3128 8 1.088233 0 0
1000 0.3128 8 1.093030 0 0
1000 0.3128 8 1.031241 0 0
1000 0.3128 8 1.079946 0 0
1000 0.3128 8 1.085711 0 0
1000 0.3128 8 1.087804 0 0
1000 0.3128 8 1.098438 0 0
1000 0.3128 8 1.073088 0 0
1000 0.3138 8 1.084812 0 0
1000 0.3138 8 1.103587 0 0
1000 0.3138 8 1.052899 0 0
1000 0.3138 8 1.079539 0 0
1000 0.3138 8 1.067526 0 0
1000 0.3138 9 1.075922 0.0006583278 0
1000 0.3138 8 1.065760 0 0
1000 0.3138 8 1.073107 0 0
1000 0.3138 8 1.102580 0 0
1000 0.3138 8 1.063399 0 0
1000 0.313 8 1.067102 0 0
1000 0.313 8 1.116424 0 0
1000 0.313 8 1.065712 0 0
1000 0.313 8 1.110067 0 0
1000 0.313 8 1.067063 0 0
1000 0.313 8 1.082178 0 0
1000 0.313 8 1.055867 0 0
1000 0.313 8 1.068896 0 0
1000 0.313 8 1.055099 0 0
1000 0.313 8 1.087173 0 0
1000 0.3138 8 1.083021 0 0
1000 0.3138 8 1.07774 0 0
1000 0.3138 8 1.107409 0 0
1000 0.3138 8 1.062349 0 0
1000 0.3138 8 1.106548 0 0
1000 0.3138 8 1.082286 0 0
1000 0.3138 8 1.086483 0 0
1000 0.3138 9 1.081570 0 0
1000 0.3138 8 1.088856 0 0
1000 0.3138 8 1.108466 0 0
1000 0.3146 8 1.094529 0 0
1000 0.3146 8 1.085114 0 0
1000 0.3146 8 1.097691 0 0
1000 0.3146 8 1.061316 0 0
1000 0.3146 11 1.076961 0 0
1000 0.3146 8 1.064261 0 0
1000 0.3146 8 1.084580 0 0
1000 0.3146 8 1.073446 0 0
1000 0.3146 8 1.088205 0 0
1000 0.3146 9 1.074913 0 0
1000 0.3128 8 1.101101 0 0
1000 0.3128 8 1.093093 0 0
1000 0.3128 8 1.085724 0 0
1000 0.3128 8 1.049635 0 0
1000 0.3128 8 1.066285 0 0
1000 0.3128 8 1.070839 0 0
1000 0.3128 8 1.067875 0 0
1000 0.3128 8 1.047687 0 0
1000 0.3128 8 1.071588 0 0
1000 0.3128 8 1.093684 0 0
1000 0.3134 8 1.089830 0 0
1000 0.3134 8 1.083538 0 0
1000 0.3134 8 1.058612 0 0
1000 0.3134 8 1.079752 0 0
1000 0.3134 8 1.074689 0 0
1000 0.3134 8 1.082766 0 0
1000 0.3134 9 1.099874 0 0
1000 0.3134 8 1.070738 0 0
1000 0.3134 8 1.075082 0 0
1000 0.3134 8 1.08684 0 0

