----------------------------------------------------------
P=100  NOT Scaled  and no normalization of the data 
density= 
0.0158
N= 
30
b= 
42.60832 43.4916 45.57059 40.53033 41.94615
40.07579 40.69397 45.55514 42.49033 42.87638
43.31534 46.12577 38.35159 38.59755 36.76129
40.8596 39.27199 38.90353 43.19613 42.62888
41.93587 44.96078 40.42155 37.82086 44.80577
39.42575 44.30438 45.68679 37.37582 39.53448
43.83372 41.34542 41.64178 40.61296 39.22338
40.68833 36.84158 45.03445 37.60064 41.50342
41.92849 43.69122 39.62197 44.06215 45.07802
37.20702 40.46401 43.31939 43.34618 42.05765
43.01337 43.70878 43.77189 41.9737 35.76563
41.75742 39.54756 39.43201 40.58994 40.23393
40.58166 41.34759 44.09349 42.2927 42.94259
39.38521 39.70785 41.03949 39.18425 41.03635
42.14214 42.70547 39.2814 37.00695 44.89931
36.36097 42.29842 40.60441 41.73252 43.69123
39.62902 42.18461 43.11282 43.45615 42.27477
42.05917 39.32904 45.78314 39.19686 43.27354
38.992 41.4472 43.27552 40.43244 35.46004
44.15104 38.60439 41.60396 42.04198 42.95346
learned lambda
2.187672 2.158518 2.036684 2.302821 2.216564
2.305346 2.270210 2.044146 2.175835 2.184425
2.142232 2.051974 2.436596 2.40895 2.464907
2.278851 2.350866 2.38666 2.146692 2.173113
2.197442 2.092784 2.285423 2.432034 2.081007
2.311764 2.097154 2.034072 2.461217 2.363297
2.108808 2.226243 2.212166 2.303387 2.360545
2.270462 2.500117 2.042847 2.434718 2.248363
2.208877 2.128073 2.339399 2.111767 2.032165
2.485239 2.316157 2.145625 2.162144 2.186952
2.180966 2.157268 2.091203 2.208595 2.540843
2.227414 2.336397 2.393975 2.280193 2.301330
2.289480 2.243104 2.118850 2.184869 2.169166
2.301087 2.349275 2.260719 2.355672 2.215006
2.182645 2.199855 2.374532 2.512596 2.084049
2.533065 2.207183 2.290460 2.218516 2.135404
2.327205 2.194997 2.171448 2.113077 2.215641
2.215090 2.358695 1.976737 2.356587 2.136860
2.401471 2.261879 2.150212 2.289484 2.569938
2.083735 2.396363 2.204235 2.211129 2.153152
Prediction Mean Squared Error of the learned model 
1.181286
TP of the learned C 
1
FP of the learned C 
0.2932331
----------------------------------------------------------
P=100  NOT Scaled  and no normalization of the data 
density= 
0.079
N= 
30
b= 
42.38211 36.27934 39.67229 40.55398 41.23703
36.34997 44.94244 40.88605 43.48945 37.67207
36.55606 44.03786 29.56649 42.96178 40.18527
42.8152 39.83635 45.23524 44.05875 43.36939
42.77472 34.20179 41.81349 42.31948 42.20792
35.10653 40.90163 40.03879 36.09869 43.22454
43.88251 38.89031 42.70413 37.50862 44.20322
42.27625 40.66842 38.64100 42.90712 43.92846
40.45965 35.24202 42.09606 42.5056 37.96538
39.60326 41.08735 39.49262 32.81645 40.3549
39.80608 42.74238 36.93394 40.57 42.46955
40.75569 43.31544 33.34088 38.12801 41.13992
38.64102 42.47963 36.77603 37.9349 38.09153
43.36294 40.44622 37.70119 40.73064 41.12624
41.25543 42.05586 41.4751 40.11711 42.87648
43.71868 40.51751 37.77998 41.71046 40.53775
39.32617 40.87122 42.78257 32.76955 42.79501
36.1792 40.05949 45.28091 38.83791 39.93439
39.83823 41.12297 40.41309 38.0699 38.0395
41.05663 44.42316 40.23253 41.4351 42.04593
learned lambda
2.142114 2.464734 2.334735 2.248616 2.202837
2.475422 2.048423 2.246760 2.179343 2.421268
2.463998 2.094596 3.036918 2.108670 2.250439
2.136439 2.261776 2.051230 2.071410 2.145624
2.180214 2.616052 2.214719 2.187425 2.212368
2.575417 2.277911 2.250631 2.517111 2.130772
2.099882 2.319603 2.169736 2.416972 2.125300
2.180431 2.263054 2.310215 2.15248 2.096507
2.242721 2.591861 2.136670 2.126834 2.378091
2.307425 2.238023 2.295172 2.766382 2.258900
2.296618 2.174184 2.480822 2.2364 2.150175
2.215316 2.111168 2.678742 2.393671 2.238653
2.324249 2.153635 2.464641 2.448559 2.368554
2.111975 2.267494 2.394433 2.216048 2.240652
2.259386 2.161813 2.189237 2.249221 2.102859
2.073457 2.240481 2.422727 2.237124 2.276294
2.300539 2.220753 2.107756 2.811353 2.15052
2.484698 2.294321 2.014438 2.370016 2.303964
2.313951 2.284265 2.257044 2.401214 2.371984
2.209743 2.105098 2.235765 2.206980 2.229376
Prediction Mean Squared Error of the learned model 
1.236629
TP of the learned C 
0.6507246
FP of the learned C 
0.3064061
----------------------------------------------------------
P=100  NOT Scaled  and no normalization of the data 
density= 
0.1714
N= 
30
b= 
43.95225 45.10756 38.04616 38.7631 44.30816
42.37684 41.0129 40.7215 35.78426 40.53895
39.42143 40.50634 33.39649 40.82047 38.52539
41.99304 42.61184 37.44773 45.56538 37.81549
44.02170 41.89571 46.15453 44.461 46.21916
45.03968 43.75185 33.17077 44.69907 42.09763
44.16393 42.54782 39.14371 40.87853 45.04532
45.58806 46.065 43.54149 40.59140 45.1886
42.1595 40.34500 46.37338 41.86007 44.10419
40.2026 38.50275 42.28965 42.88349 42.93579
43.07594 44.23735 41.03715 42.973 40.98624
40.95224 34.10873 41.65776 41.60124 38.2474
38.78361 42.69564 39.9936 44.57251 44.21116
45.10449 39.46731 42.23289 45.89389 44.41305
42.35183 40.69197 36.571 45.60889 43.598
42.04117 41.63206 41.60802 41.4255 36.86649
40.1988 39.43457 42.44291 36.08138 44.24825
42.768 41.62074 42.25688 39.63333 38.95329
43.14035 44.34281 37.04204 40.06258 42.60595
40.78498 43.24947 44.79662 42.15649 45.81001
learned lambda
2.095286 2.021564 2.362113 2.334303 2.084634
2.133907 2.231949 2.204344 2.508310 2.228844
2.272867 2.219437 2.711939 2.202365 2.371119
2.139861 2.155473 2.394044 1.956761 2.3695
2.074660 2.180914 1.982362 2.051979 1.94945
1.994202 2.088557 2.721935 2.017542 2.159468
2.089501 2.138418 2.29649 2.217895 2.014180
1.990398 1.979086 2.063170 2.19252 2.046111
2.134227 2.243116 1.982535 2.163966 2.045667
2.280801 2.345592 2.176209 2.115529 2.150508
2.076268 2.029380 2.198726 2.065651 2.222983
2.243612 2.648402 2.195387 2.180730 2.376221
2.368547 2.136544 2.280946 2.021713 2.02238
2.053790 2.304883 2.135568 1.958418 2.043810
2.133618 2.206909 2.475098 1.985493 2.093206
2.190907 2.235054 2.22053 2.212707 2.468688
2.260353 2.310359 2.187013 2.543689 2.070003
2.104952 2.193008 2.125777 2.257136 2.348545
2.113537 2.051325 2.431109 2.275738 2.063801
2.254045 2.083784 2.062828 2.186960 2.064487
Prediction Mean Squared Error of the learned model 
1.157610
TP of the learned C 
0.5377943
FP of the learned C 
0.3147478
----------------------------------------------------------
P=100  NOT Scaled  and no normalization of the data 
density= 
0.0262
N= 
30
b= 
43.36053 40.34163 40.89715 40.35632 40.99455
44.18776 40.08553 43.37893 41.44576 45.18236
36.30808 38.09767 41.41036 44.33345 45.47946
38.95202 40.09280 43.41503 38.45217 45.83196
42.65854 38.29359 42.03194 43.41224 35.65593
45.6052 43.18439 38.11885 38.56916 42.88254
41.60841 42.95847 37.58584 36.9991 42.08944
41.95934 38.05469 44.82113 42.80454 41.47093
43.40452 40.99342 42.41111 43.60841 40.67737
34.15808 46.3412 42.75927 38.91494 46.3564
40.81900 38.76331 43.84298 43.4188 39.17541
39.83975 34.89595 38.14857 41.1536 37.30513
43.55993 37.40761 36.07833 42.85395 43.98644
39.19689 42.15215 41.07906 39.15367 40.92114
42.16468 42.32371 45.21619 40.31237 38.48583
43.2507 40.23629 42.63951 42.29488 43.11809
44.04626 38.38243 41.12502 37.42896 37.28845
41.0506 40.10949 40.35849 41.24073 36.18987
33.11564 40.56408 39.61620 41.84339 39.12931
36.14079 36.05946 43.13306 35.49586 42.14141
learned lambda
2.148600 2.313608 2.256212 2.304736 2.238383
2.120717 2.301361 2.106431 2.240477 2.057613
2.542724 2.433165 2.240248 2.088909 1.993705
2.336016 2.281131 2.162381 2.397555 2.018014
2.149829 2.346937 2.170729 2.127338 2.556380
2.023906 2.113946 2.412573 2.388801 2.156988
2.238091 2.167607 2.442733 2.473151 2.210322
2.207811 2.391962 2.080903 2.139327 2.246225
2.133776 2.210794 2.199569 2.123756 2.250603
2.672639 2.018120 2.164177 2.361920 2.034591
2.314557 2.353461 2.109013 2.128467 2.354016
2.329321 2.598126 2.391725 2.243079 2.470535
2.102509 2.412113 2.554322 2.169912 2.094065
2.372187 2.157432 2.159144 2.344821 2.220994
2.190698 2.197866 2.078401 2.306283 2.389351
2.106536 2.314135 2.204946 2.190728 2.159584
2.095698 2.415192 2.282878 2.425648 2.487804
2.258958 2.319101 2.318837 2.236861 2.560651
2.761706 2.284213 2.304479 2.243113 2.319725
2.554795 2.527270 2.132606 2.584495 2.187838
Prediction Mean Squared Error of the learned model 
1.343231
TP of the learned C 
0.9382716
FP of the learned C 
0.2908195
----------------------------------------------------------
P=100  NOT Scaled  and no normalization of the data 
density= 
0.1428
N= 
30
b= 
43.67784 45.87219 43.64334 39.8441 35.64021
43.73427 41.75001 40.59841 39.46097 41.93669
37.71647 41.36968 40.91738 40.22341 44.22424
43.433 38.79594 42.96125 40.66235 39.05317
44.94628 42.75972 42.19806 44.9188 42.96117
39.45367 38.33025 43.25138 44.26436 45.14007
43.00819 33.86331 34.69844 42.96324 38.37569
41.52284 36.36897 27.69002 39.92483 43.90800
39.11678 34.83461 41.35208 33.70749 43.46064
41.92486 32.87947 38.62260 40.82855 36.61589
43.55693 41.09162 41.76305 43.58087 37.03521
38.69458 43.39695 40.09476 40.38309 38.06937
43.97899 39.99674 43.72085 41.95937 36.15549
36.44562 39.95976 35.06079 38.84448 44.90539
39.83937 44.21192 38.34195 40.44081 40.42338
34.21655 44.0039 41.63849 43.66975 42.01671
40.45704 33.50528 45.68607 37.29228 41.68205
33.11688 39.71829 42.73769 43.19677 44.08547
40.26559 39.81133 39.10947 42.5912 42.78471
42.94687 45.36881 38.4364 37.04007 38.88745
learned lambda
2.104265 1.984143 2.088700 2.257098 2.583588
2.066831 2.152925 2.224129 2.300097 2.218603
2.432042 2.208773 2.248759 2.272723 2.069883
2.145028 2.355683 2.12508 2.241222 2.334959
2.029613 2.092349 2.174121 2.030196 2.116099
2.297530 2.376821 2.083750 2.043121 2.036471
2.128483 2.690813 2.625522 2.149283 2.359730
2.171141 2.482055 3.258207 2.318466 2.135322
2.361399 2.617470 2.178958 2.66815 2.114797
2.157132 2.763114 2.344891 2.222390 2.472477
2.104329 2.225003 2.153830 2.061810 2.449199
2.348963 2.090922 2.250668 2.274381 2.409934
2.067921 2.279952 2.076249 2.166618 2.526754
2.500071 2.272527 2.5929 2.383010 2.020361
2.274993 2.073904 2.363741 2.235243 2.253619
2.631256 2.091275 2.190222 2.101580 2.162292
2.304644 2.710740 2.014678 2.442767 2.172991
2.697875 2.287434 2.197855 2.119947 2.083021
2.271776 2.279530 2.330640 2.128578 2.133037
2.158080 2.017072 2.372829 2.482421 2.371259
Prediction Mean Squared Error of the learned model 
1.346848
TP of the learned C 
0.5323795
FP of the learned C 
0.3069295
----------------------------------------------------------
lambda_avg
2.135587 2.188513 2.215689 2.289515 2.265201
2.220445 2.200974 2.165162 2.280812 2.222150
2.370773 2.201589 2.534892 2.216323 2.230011
2.207239 2.280986 2.223879 2.162728 2.208242
2.126352 2.265807 2.165471 2.165794 2.183061
2.240564 2.190878 2.300592 2.285558 2.169399
2.132953 2.308537 2.349329 2.312138 2.214015
2.164049 2.323255 2.351068 2.247502 2.154505
2.2162 2.358263 2.167426 2.238894 2.164265
2.380647 2.336201 2.225215 2.325673 2.220686
2.194548 2.187859 2.206719 2.140185 2.343443
2.272925 2.357003 2.382099 2.274411 2.359335
2.230541 2.245070 2.299002 2.198334 2.236184
2.267822 2.270323 2.308553 2.251594 2.148165
2.208268 2.168070 2.296202 2.257767 2.184617
2.307044 2.217625 2.265777 2.192131 2.240452
2.257688 2.370408 2.152755 2.467307 2.219392
2.352315 2.290512 2.126729 2.268109 2.286608
2.372488 2.232242 2.294697 2.267625 2.291697
2.252080 2.225918 2.201653 2.334397 2.201223
lse_avg
1.253121
TP_avg
0.731834
FP_avg
0.3024272
----------------------------------------------------------
P=100  NOT Scaled  and no normalization of the data 
density= 
0.0158
N= 
50
b= 
45.40065 45.80556 39.17346 43.99822 41.65154
45.65578 44.42275 45.76341 45.0145 45.07194
43.03361 46.23173 45.29559 41.98581 43.18631
44.02685 41.79247 43.27196 44.73306 45.86681
42.4133 43.94857 45.66309 42.17494 44.706
43.16643 46.29481 47.05443 42.64858 43.72412
39.73766 41.84632 42.95174 43.96965 39.91486
42.76328 43.57505 37.88328 41.32799 46.43288
44.0884 45.77434 44.23947 44.49583 43.10913
43.81635 44.86176 44.99684 46.04282 42.25335
44.61625 42.12353 44.33782 39.42299 42.48667
43.21587 42.84343 41.56024 45.04579 43.45926
44.64905 45.07105 44.78062 43.09876 46.10375
41.19057 46.0483 42.17083 43.35368 36.46172
42.35087 46.04862 45.15489 44.36813 44.23757
45.20379 46.36967 41.69765 43.44248 44.88822
39.87747 43.79759 42.89806 43.37699 43.28046
47.17662 45.41706 40.80765 45.15735 44.40589
42.59016 45.60866 45.25288 38.09249 40.71833
46.12064 46.11569 40.06496 42.57422 45.04478
learned lambda
1.982219 2.00873 2.277247 2.03128 2.195606
1.975919 2.055775 2.017334 2.03225 1.995983
2.093224 1.947608 2.035024 2.130626 2.023263
2.066741 2.166794 2.076942 2.041997 1.973363
2.074535 2.078645 1.963835 2.131508 2.052402
2.086312 1.963847 1.938052 2.135632 2.05441
2.234204 2.134827 2.098275 2.060292 2.276611
2.091334 2.085377 2.399988 2.164729 1.95546
2.069794 1.971203 2.060579 2.060136 2.125299
2.069524 2.023943 2.028567 1.975913 2.124987
2.004880 2.119883 2.027056 2.262357 2.110061
2.112137 2.094471 2.178435 2.016417 2.062038
2.008403 2.001347 1.998680 2.122213 1.961475
2.130104 1.971124 2.160022 2.079223 2.447077
2.104416 1.993968 1.997409 2.023440 2.046727
2.000252 1.952224 2.127761 2.095139 2.028250
2.216100 2.043656 2.139757 2.069399 2.107002
1.930682 1.968527 2.194187 2.009942 2.016743
2.171905 2.010008 2.026979 2.329805 2.2049
1.956310 1.969562 2.246729 2.123768 2.032675
Prediction Mean Squared Error of the learned model 
1.209327
TP of the learned C 
1
FP of the learned C 
0.4155659
----------------------------------------------------------
P=100  NOT Scaled  and no normalization of the data 
density= 
0.079
N= 
50
b= 
42.36183 43.23282 41.61818 42.86788 44.03013
41.277 36.30157 44.25973 41.40598 44.26050
42.66797 31.12198 42.63625 43.85877 41.43841
36.00522 43.60087 40.54391 43.37773 37.45512
43.82628 41.06293 44.20827 39.90879 32.62232
38.36492 43.06765 44.48534 43.48357 43.60849
34.15907 41.1581 42.46844 43.59504 40.88389
44.05463 42.14584 44.59006 45.59079 36.97417
44.21158 43.86608 40.1823 42.35544 42.48466
44.99122 40.42815 44.56126 41.20088 40.94739
41.83785 42.34072 42.83833 38.33036 37.97165
44.85926 43.1375 41.17134 42.15679 42.2813
43.66478 43.35216 43.64276 45.59266 41.21686
36.85427 44.70594 44.54447 44.41596 43.49218
43.92761 43.37215 35.6939 41.99118 44.89867
35.75284 37.47089 42.00561 42.70121 39.92700
42.20504 45.50152 43.65876 44.05463 38.56974
41.14435 43.06303 43.01903 44.08733 42.66576
31.16755 43.95182 40.85034 31.44151 44.35841
45.20813 39.98899 41.31505 43.59608 41.99654
learned lambda
2.075636 2.007811 2.125880 2.099615 1.997506
2.042748 2.483273 2.034149 2.208249 2.025168
2.053878 2.892963 2.035167 2.012795 2.126659
2.515913 2.016235 2.220028 2.013339 2.42069
2.048088 2.155605 2.007061 2.243150 2.772105
2.251633 2.082869 1.958647 2.024785 2.013928
2.617651 2.114900 2.11565 2.092855 2.203466
2.046377 2.092853 1.924793 1.964731 2.436674
1.994060 2.02524 2.258311 2.046402 2.071487
1.958742 2.206219 2.008164 2.145764 2.138513
2.091535 2.078413 2.116274 2.316757 2.296700
1.948362 2.039642 2.072845 2.052687 2.079678
2.016281 2.031900 2.016688 1.972655 2.137945
2.425165 1.955487 1.971929 1.967680 2.034194
2.042367 2.039075 2.483153 2.067766 1.924591
2.506520 2.334107 2.071840 2.038836 2.253041
2.068237 1.958573 2.035764 2.058126 2.300143
2.091827 2.034475 2.055230 2.086163 2.029664
2.867623 2.086499 2.181973 2.844053 1.927023
1.986469 2.311605 2.123756 1.999311 2.202424
Prediction Mean Squared Error of the learned model 
0.9151238
TP of the learned C 
0.8333333
FP of the learned C 
0.3651466
----------------------------------------------------------
P=100  NOT Scaled  and no normalization of the data 
density= 
0.1714
N= 
50
b= 
44.68618 37.56439 41.64705 43.37988 44.35092
43.03834 44.06484 44.9521 45.27245 40.72278
46.09354 42.42244 45.03757 44.16387 43.69203
43.45763 45.67699 45.64509 42.06538 45.41176
41.92813 42.85621 40.91625 46.15121 45.18134
43.86897 44.56805 40.44445 44.56434 44.60981
42.44323 41.34429 45.29717 45.43131 39.71517
38.50807 42.23554 41.80201 42.23949 42.48759
43.57885 43.89554 40.65684 40.72818 41.21742
43.74012 45.59116 42.04211 42.56199 43.1674
44.78043 40.09733 44.10664 42.29299 43.12097
46.03532 41.46309 43.47357 42.46081 42.85946
41.85588 40.74024 44.72598 38.82844 41.64016
42.01759 47.41292 43.61263 42.19576 42.70263
44.17852 44.0322 45.04627 40.5919 44.28973
41.47642 44.32954 34.07948 43.58163 44.45001
45.85806 44.98395 43.86501 43.20441 37.18532
44.37962 43.96565 37.99329 45.67085 40.89146
45.37716 43.81636 45.40053 43.21353 39.6927
44.09833 42.89814 44.72997 37.86584 40.94292
learned lambda
1.933697 2.340033 2.125658 2.004081 1.947769
2.055966 1.964881 1.935991 1.938623 2.138646
1.910261 2.060532 1.965787 1.99724 2.063837
1.973958 1.938604 1.907339 2.092552 1.933465
2.08016 2.079910 2.158357 1.869183 1.920443
1.988762 1.977862 2.125809 1.912457 1.979390
2.080313 2.139326 1.928179 1.939776 2.221703
2.275222 2.083793 2.090199 2.030185 2.111092
1.997479 1.949497 2.192936 2.122757 2.143764
2.042858 1.921318 2.040512 2.048049 2.015521
1.943404 2.092080 1.980774 2.016193 2.045116
1.914191 2.091892 2.007003 2.072863 2.008047
2.096832 2.171746 1.981607 2.240535 2.114369
2.099233 1.856269 1.992917 2.05249 2.064839
1.945033 1.974913 1.952997 2.147294 1.968370
2.103229 1.961047 2.565842 2.000545 2.059772
1.894118 1.970021 2.009577 2.044784 2.352307
1.982443 1.992739 2.294717 1.884721 2.106503
1.925059 1.978684 1.920053 2.002631 2.149185
1.990026 2.053678 1.996959 2.363406 2.262084
Prediction Mean Squared Error of the learned model 
0.7489057
TP of the learned C 
0.7156134
FP of the learned C 
0.3655564
----------------------------------------------------------
P=100  NOT Scaled  and no normalization of the data 
density= 
0.0262
N= 
50
b= 
43.08858 44.29227 39.43581 44.30967 39.27729
36.47534 43.31579 42.49237 41.50333 40.90305
41.74228 43.82605 46.14644 43.48472 39.56593
42.95421 43.28081 44.19312 39.65845 43.29767
42.65871 39.71087 42.69262 36.50593 43.30637
39.97992 38.1196 44.58172 41.46249 40.74565
41.02974 42.63231 40.25228 41.49568 44.32497
39.82276 38.93373 43.83451 39.10136 43.05404
44.18203 41.13372 45.2495 38.81396 41.54602
41.21454 44.09987 42.72011 44.97752 40.26666
44.031 37.79809 43.69781 42.11207 45.29891
43.19639 40.80241 43.94679 39.8055 44.5182
44.00125 39.53526 43.18718 45.02807 41.38791
43.7026 43.79994 43.40894 45.04008 39.7284
41.60762 37.45371 43.58930 45.0609 43.46871
45.70475 44.90309 46.64661 38.92247 46.26549
42.70854 44.06563 42.87096 38.19837 43.97120
41.25363 43.4137 45.08028 45.46469 45.22761
43.24514 39.93441 44.38186 44.22704 41.12256
46.73483 44.52457 43.56295 41.58881 44.01691
learned lambda
2.090432 2.011294 2.198769 2.066784 2.345633
2.442736 2.086427 2.121018 2.138998 2.186151
2.175541 2.080237 1.958464 2.068626 2.2933
2.090428 2.051857 2.092161 2.221607 2.113709
2.065632 2.265334 2.088689 2.487209 2.061023
2.251908 2.345812 2.060945 2.215064 2.156701
2.158152 2.148260 2.188987 2.164908 2.049546
2.257885 2.325911 2.05703 2.289019 2.126488
2.044799 2.189493 2.040858 2.32588 2.115418
2.153999 2.082817 2.092103 2.015175 2.251056
2.069843 2.342079 2.049731 2.082387 1.981248
2.083927 2.179357 2.051275 2.229581 2.041071
2.063885 2.254096 2.128761 1.996005 2.195246
2.059116 2.049330 2.076643 2.007825 2.255926
2.160709 2.401203 2.089610 1.996605 2.076093
1.959988 2.027593 1.937078 2.313847 1.976700
2.080592 2.017223 2.095886 2.303929 2.044542
2.181582 2.107073 2.016241 1.985332 1.985531
2.088356 2.325927 1.996133 2.072360 2.126489
1.940705 2.052291 2.085168 2.104202 2.081434
Prediction Mean Squared Error of the learned model 
1.176759
TP of the learned C 
0.9753086
FP of the learned C 
0.4142534
----------------------------------------------------------
P=100  NOT Scaled  and no normalization of the data 
density= 
0.1428
N= 
50
b= 
41.74889 41.4618 45.21635 44.12252 44.95202
43.03623 35.2591 41.39703 42.6472 41.49998
43.64883 40.80416 43.18626 44.39253 43.48472
43.70455 45.69068 44.17039 43.95547 42.73527
44.39258 43.73847 43.82045 41.88763 39.56474
44.35014 45.12895 44.02457 41.13176 43.04428
42.54963 43.21364 43.51352 44.05297 43.35593
43.1774 44.76244 42.33695 34.75993 44.34128
45.5012 43.73153 43.3468 41.78738 39.67888
45.44734 46.27711 42.53673 43.23242 44.52326
44.24015 41.22871 40.5149 43.50715 45.1841
44.61274 44.4126 42.60024 45.36864 28.12354
42.12233 43.4113 38.18717 40.97072 32.21753
46.1093 43.28651 29.91273 44.34709 44.87862
43.51552 44.63224 44.63822 41.42769 42.9089
44.92993 45.15292 43.42672 42.45817 43.32064
44.4691 43.52548 33.0164 42.53498 42.5529
43.98385 44.50328 46.33962 34.34333 44.38503
42.48292 42.67362 43.49627 44.16078 39.5659
43.4909 45.79737 42.37636 42.43533 43.04894
learned lambda
2.120185 2.090312 1.938103 1.961707 1.961465
2.030853 2.471510 2.045841 2.011692 2.162557
2.021168 2.129538 2.066678 1.96496 2.020775
2.027558 1.928415 2.028630 2.025731 2.090559
1.981678 1.967077 2.001087 2.079371 2.22885
1.973036 1.968898 1.988804 2.138972 2.027455
2.045439 2.047903 2.033415 1.994056 1.967112
2.075422 1.962772 2.062512 2.522372 1.996744
1.968033 2.0172 2.031957 2.080466 2.225698
1.942559 1.908787 2.039589 1.948902 1.955925
1.990391 2.142300 2.170645 2.017786 1.975445
1.953793 1.976724 2.024655 1.975705 3.125717
2.088183 2.017954 2.317068 2.115216 2.746863
1.929038 2.014132 2.975883 2.014327 1.951009
2.003904 1.981988 1.965404 2.12133 2.012294
1.919808 1.952496 2.001174 2.073667 2.007834
1.969978 2.026074 2.654249 2.015098 1.992663
1.988709 1.988135 1.955005 2.560568 1.973376
2.02363 2.057261 2.006090 1.946955 2.212444
2.022141 1.933772 2.045535 2.097865 2.141343
Prediction Mean Squared Error of the learned model 
0.8947898
TP of the learned C 
0.688253
FP of the learned C 
0.3798413
----------------------------------------------------------
lambda_avg
2.040434 2.091636 2.133131 2.032693 2.089596
2.109645 2.212373 2.030866 2.065962 2.101701
2.050814 2.222176 2.012224 2.034849 2.105567
2.134919 2.020381 2.06502 2.079045 2.106357
2.050019 2.109314 2.043806 2.162084 2.206965
2.110330 2.067858 2.014452 2.085382 2.046377
2.227152 2.117043 2.072901 2.050377 2.143687
2.149248 2.110141 2.106904 2.194207 2.125292
2.014833 2.030527 2.116928 2.127128 2.136333
2.033537 2.028617 2.041787 2.026760 2.097200
2.020011 2.154951 2.068896 2.139096 2.081714
2.002482 2.076417 2.066843 2.069451 2.263310
2.054717 2.095409 2.088561 2.089325 2.231180
2.128531 1.969268 2.235479 2.024309 2.150609
2.051286 2.078229 2.097714 2.071287 2.005615
2.097959 2.045493 2.140739 2.104407 2.065119
2.045805 2.003110 2.187047 2.098267 2.159331
2.035049 2.01819 2.103076 2.105345 2.022363
2.215314 2.091676 2.026245 2.239161 2.124008
1.97913 2.064182 2.099630 2.137710 2.143992
lse_avg
0.988981
TP_avg
0.8425017
FP_avg
0.3880727
----------------------------------------------------------
P=100  NOT Scaled  and no normalization of the data 
density= 
0.0158
N= 
500
b= 
0.07547263 0.07067573 0.0737178 0.09663678 0.07650627
0.06607479 0.07670678 0.05845608 0.1197469 0.07238578
0.06465687 0.06404043 0.07773745 0.1014189 0.1749968
0.06527089 0.1100477 0.1024593 0.0766214 0.07187469
0.1767817 0.07412727 0.07291864 0.1067700 0.07305187
0.138666 0.05472547 0.06077576 0.0691782 0.07479956
0.07120385 0.07924562 0.07395809 0.05590962 0.06562632
0.1127352 0.1092579 0.08395785 0.1322357 0.06055449
0.05803289 0.07313163 0.1311089 0.06094019 0.0575087
0.05688223 0.05960703 0.0658335 0.06069631 0.07807592
0.07145219 0.06592161 0.09632113 0.09558508 0.1603800
0.05794289 0.0997248 0.06125288 0.06628252 0.1029190
0.0698709 0.0815629 0.06979604 0.06979998 0.06630516
0.1447065 0.0569346 0.06977587 0.1066163 0.1125924
0.07062544 0.0719372 0.07703425 0.1163138 0.07906398
0.1031543 0.06446937 0.1309378 0.06282047 0.06990598
0.1288250 0.08498275 0.06532159 0.08393938 0.07317835
0.0582509 0.1498478 0.0927368 0.07195768 0.06919597
0.05395724 0.07000106 0.0620964 0.09480796 0.1034500
0.06808812 0.1247603 0.08397838 0.07727521 0.07007939
learned lambda
141.7492 141.7150 159.4411 85.80609 139.4000
164.8528 132.0419 141.8978 91.6363 136.5189
150.7094 140.6423 142.9020 66.35246 40.48627
144.7666 94.05514 97.96855 137.7969 152.2040
63.06231 136.8665 141.4003 76.63461 131.901
84.74316 162.3653 153.6878 153.6931 137.0318
159.3408 101.5895 140.9919 144.2858 155.6647
76.75782 74.78257 111.3764 69.82681 143.9683
151.3352 128.0096 74.5773 150.7586 151.5643
146.5725 151.5324 141.2337 138.7428 159.4416
143.8838 133.2476 145.0191 151.1399 41.88849
155.4675 65.79274 138.1830 128.6521 97.265
134.7520 122.3238 139.3286 154.3928 137.052
85.7318 147.3115 126.1986 115.0766 98.59128
152.0865 129.4167 131.4472 98.24206 133.0579
95.88091 146.1331 69.83257 136.3406 146.9391
68.8231 157.4706 132.3523 155.7284 137.7252
149.7356 101.5773 104.4139 129.0727 135.1688
148.6162 144.3952 160.5350 147.2042 102.4295
143.8573 92.30385 100.7743 139.4907 134.8943
Prediction Mean Squared Error of the learned model 
0.977452
TP of the learned C 
0.9310345
FP of the learned C 
0.002032107
----------------------------------------------------------
P=100  NOT Scaled  and no normalization of the data 
density= 
0.079
N= 
500
b= 
0.2429332 0.3652041 0.3036149 0.1843871 0.2606793
0.3715059 0.1093656 0.1984382 0.1988610 0.3167483
0.2640567 0.1254296 0.3003023 0.3839126 0.2271111
0.1203196 0.1948819 0.2188874 0.2468930 0.1185996
0.2075812 0.3821937 0.2901143 0.1074645 0.1524304
0.3387194 0.1381666 0.3085297 0.3854234 0.1852562
0.2241951 0.3459656 0.1249328 0.1837439 0.2209519
0.2326251 0.2409789 0.3506294 0.1586003 0.1578032
0.2317938 0.308381 0.0942343 0.2577961 0.451843
0.2353810 0.1143836 0.2052218 0.3375785 0.3037226
0.2280126 0.2290005 0.1496322 0.2487398 0.2884444
0.3013520 0.2748035 0.3828020 0.4129264 0.2319935
0.2108031 0.2667082 0.3509577 0.1428369 0.3359661
0.1368404 0.3445641 0.2778724 0.2614085 0.1845573
0.1827158 0.2545506 0.2439835 0.2133985 0.2490386
0.1024016 0.2219410 0.3222074 0.3238375 0.2057468
0.3374930 0.2493350 0.1754387 0.1861252 0.193565
0.3082414 0.1716378 0.2733777 0.1642134 0.2913608
0.1224289 0.2275077 0.1810942 0.1017262 0.4021576
0.1813658 0.07319416 0.2290027 0.360159 0.08948983
learned lambda
28.52125 16.74237 25.72122 47.24009 23.53422
13.35622 55.66929 44.00707 106.5197 27.28942
34.0692 73.37852 18.16479 19.06126 28.75183
63.00266 31.22995 45.43152 25.87008 61.40016
44.99216 21.38747 24.13755 64.0311 68.0309
16.82112 65.23764 25.02143 19.52737 35.74472
43.82174 20.26098 60.47304 48.60598 40.79793
45.17635 33.92369 15.02041 38.30255 31.87509
23.65923 26.67574 57.80915 25.56285 20.04771
26.28548 62.08223 29.98644 20.81296 25.65156
28.46425 29.19522 78.36414 26.04236 25.73146
19.12041 23.09254 13.84550 16.95868 30.81513
26.9975 28.58548 22.70834 88.6651 21.93815
51.61713 23.28150 24.56045 23.96854 29.60969
72.46946 22.38544 33.68607 25.41391 22.83979
60.57024 34.91125 23.91278 28.33845 38.59720
18.42907 26.84932 34.75449 87.4445 33.93523
18.06649 41.42409 23.87817 57.10017 18.78626
65.23505 88.47052 38.28247 59.74379 16.91951
43.30869 134.4236 23.45689 20.28316 143.8337
Prediction Mean Squared Error of the learned model 
0.5730352
TP of the learned C 
0.9463768
FP of the learned C 
0.2058632
----------------------------------------------------------
P=100  NOT Scaled  and no normalization of the data 
density= 
0.1714
N= 
500
b= 
0.4036655 0.2355896 0.5399055 0.5379448 0.3132013
0.4597475 0.4197749 0.5922372 0.4894697 0.4200588
0.6296106 0.5118208 0.6481827 0.4020546 0.7078416
0.3736576 0.5279844 0.532019 0.265629 0.4575687
0.4759973 0.3965616 0.3858021 0.4711495 0.478055
0.364019 0.4298414 0.6060035 0.5339299 0.5953383
0.4623701 0.3260086 0.5401342 0.4337911 0.2209967
0.4719522 0.3894775 0.4618547 0.6101333 0.3666560
0.3365557 0.464947 0.3991731 0.3566766 0.3241431
0.3173045 0.4898727 0.4851328 0.4349827 0.3213301
0.4652896 0.2769577 0.449894 0.5961005 0.3213681
0.6923114 0.627106 0.3912513 0.2858672 0.63748
0.5215369 0.2464254 0.5040225 0.2144401 0.2872696
0.3225157 0.6044052 0.6080977 0.4239707 0.2976716
0.5489659 0.4849609 0.5393311 0.2528778 0.3990338
0.3476567 0.5290787 0.1542298 0.4564838 0.4478244
0.4938696 0.6555236 0.3741119 0.4214945 0.2616692
0.3071623 0.3495234 0.2877398 0.4713882 0.4460189
0.3772505 0.4148569 0.4961026 0.5168568 0.4358593
0.734861 0.4128094 0.2282447 0.2242329 0.1219948
learned lambda
15.51634 28.16698 18.14068 13.2681 20.22755
17.49229 16.26025 13.96380 18.48415 18.17603
14.06524 15.1803 18.37922 15.80338 12.62853
13.90399 16.13807 14.38242 22.41438 15.28254
14.05413 21.94118 20.67908 14.54209 17.07463
18.13388 18.29309 15.38975 13.27968 12.09823
16.32937 21.04586 12.55547 16.21731 27.65205
14.94735 19.04069 15.18102 10.91046 18.75409
20.22182 12.43542 21.97116 20.27676 17.32913
29.75617 14.35196 15.68949 16.22512 20.05608
14.35094 16.88730 13.55893 11.50405 27.39113
13.87949 13.16744 15.82836 24.47614 13.06470
15.83346 30.65795 15.38504 27.37352 25.28869
27.17470 12.97564 12.88559 15.51039 20.87445
11.78225 11.37087 15.26018 27.16444 16.58310
20.67378 14.87425 43.40584 16.76448 21.85693
15.15798 15.81462 20.45603 18.09683 23.62293
16.61594 24.23856 26.24554 13.68000 17.47584
14.19213 17.92140 16.22365 13.29412 14.89762
13.71376 16.35054 33.66202 29.12772 118.6007
Prediction Mean Squared Error of the learned model 
0.395255
TP of the learned C 
0.9033457
FP of the learned C 
0.3229544
----------------------------------------------------------
P=100  NOT Scaled  and no normalization of the data 
density= 
0.0262
N= 
500
b= 
0.09111435 0.1381481 0.1776526 0.06833781 0.07233
0.1072345 0.1322928 0.09453683 0.1368145 0.08708718
0.1270345 0.06957638 0.08231591 0.08339902 0.1112918
0.1139129 0.1526285 0.09139223 0.2185414 0.07684595
0.1458937 0.09167843 0.1503858 0.1006393 0.1216920
0.09542574 0.098882 0.07594722 0.0524583 0.1388534
0.1000572 0.1515426 0.1796795 0.1652644 0.1474978
0.0825356 0.09225799 0.07472436 0.1129955 0.07614436
0.0821795 0.150622 0.0653984 0.0886613 0.1445646
0.2622147 0.08222523 0.1007166 0.1523710 0.08471497
0.07525043 0.1525552 0.09709612 0.1415737 0.07283459
0.1957386 0.1945622 0.1231260 0.09138632 0.0797265
0.099532 0.1562577 0.08887102 0.1423462 0.0876313
0.1085381 0.1648402 0.07444592 0.1399433 0.1402223
0.08844261 0.08996896 0.08120743 0.1253625 0.1526573
0.09531674 0.08454162 0.1349907 0.1004642 0.08003223
0.1349437 0.1684549 0.1407155 0.1280786 0.07941939
0.1280234 0.1243628 0.1045600 0.1598127 0.1382018
0.1483321 0.05955227 0.1338663 0.07174265 0.1897121
0.1467109 0.2115445 0.08279985 0.1754206 0.07287275
learned lambda
85.24106 91.29719 37.2589 135.6546 104.0670
180.5078 105.6059 128.6006 73.84562 149.0086
87.94903 145.1070 132.9752 170.2889 138.6166
58.21597 63.50027 139.448 39.56053 127.6354
49.72313 101.9695 70.17838 125.4514 62.11097
147.1557 140.2227 137.5455 160.0115 70.05534
82.4251 105.2181 70.67687 54.77177 103.1984
157.9518 90.01554 141.0547 148.147 135.8959
101.3976 49.30845 156.0934 94.39098 65.19206
32.84591 130.5223 136.0137 56.20208 92.52229
140.5141 58.69694 99.58998 56.67527 138.5176
44.65606 36.33467 84.94647 113.0207 132.3430
119.2274 57.93265 131.5511 87.71177 139.1029
95.25642 54.67366 119.5895 87.24947 53.80127
94.1135 138.4380 130.481 111.5055 84.48105
104.8144 133.9986 114.0514 127.8990 142.1852
67.04224 53.55738 82.5183 71.48411 136.9144
94.9535 78.76333 108.6507 56.47681 86.11474
63.33625 143.9938 62.3406 141.5323 42.84078
105.1111 49.47651 102.9635 60.13137 142.8924
Prediction Mean Squared Error of the learned model 
0.9275727
TP of the learned C 
0.8765432
FP of the learned C 
0.01889505
----------------------------------------------------------
P=100  NOT Scaled  and no normalization of the data 
density= 
0.1428
N= 
500
b= 
0.2518147 0.2488969 0.2981426 0.4997175 0.4454813
0.4897989 0.1380814 0.5608798 0.4311474 0.2233891
0.4401011 0.2216495 0.3434649 0.4610179 0.2434915
0.3192479 0.5867703 0.3542146 0.3382991 0.3070651
0.2544012 0.2383422 0.4401979 0.480727 0.2367493
0.4364125 0.4820052 0.4736376 0.2434993 0.1948030
0.6226526 0.6540659 0.3907299 0.2085702 0.5783393
0.1921208 0.5685128 0.4154364 0.1140646 0.3013558
0.2483199 0.5296522 0.486596 0.488658 0.2285618
0.3436286 0.5700701 0.5140521 0.4790436 0.3546742
0.2556758 0.3976247 0.3705217 0.3389949 0.4981543
0.4610407 0.4304562 0.5803476 0.3319678 0.1764043
0.3207258 0.3732616 0.2320015 0.4198603 0.1821391
0.3976862 0.3306336 0.1671942 0.402993 0.3977107
0.6515922 0.2781640 0.5000772 0.3389156 0.4486887
0.5675377 0.3391138 0.3385021 0.4054178 0.3247663
0.4562567 0.6620329 0.1614059 0.5105749 0.4070233
0.5349767 0.3832824 0.2283151 0.1152491 0.398729
0.3656059 0.2678405 0.5914605 0.542759 0.2470085
0.3245704 0.3569482 0.6041765 0.3485954 0.09608529
learned lambda
34.8936 23.84472 26.33636 15.01172 22.53029
18.17214 32.21146 10.26457 12.11294 36.36581
17.55914 26.66797 17.88033 16.49881 26.67309
31.31671 14.93560 17.23806 21.98112 23.66995
26.52131 21.78788 22.81599 17.95406 28.22886
18.61993 17.53102 18.29276 25.39555 28.24752
15.06934 16.84621 21.84919 25.70939 9.923759
32.32222 17.83941 19.02284 40.82279 21.95552
41.86881 14.98989 13.28112 15.48840 30.96486
18.48121 15.46237 16.10731 15.08371 20.3932
26.51501 22.06650 25.48041 18.71099 20.38205
14.90586 19.70072 13.29005 19.88431 43.37653
25.57859 21.39621 29.84573 15.79962 44.57046
22.82765 27.66156 52.4101 17.70549 18.18415
13.92474 28.77787 14.49991 18.79943 12.80483
11.32753 20.90623 20.97030 21.74373 18.44003
18.42182 11.75745 44.87238 15.56422 15.29595
14.98649 22.72908 50.73556 58.78515 15.27045
18.43940 23.25899 14.58539 13.47161 31.63039
23.08672 23.11917 12.93113 32.50787 151.1407
Prediction Mean Squared Error of the learned model 
0.4662292
TP of the learned C 
0.8840361
FP of the learned C 
0.2888474
----------------------------------------------------------
lambda_avg
61.18429 60.35325 53.37965 59.39611 61.95181
78.87625 68.35777 67.74677 60.51975 73.47175
60.87039 80.19523 66.0603 57.60097 49.43126
62.24118 43.97181 62.89371 49.52461 76.03841
39.67061 60.7905 55.84227 59.72266 61.46927
57.09477 80.72995 69.98745 74.38143 56.63551
63.39727 52.99214 61.3093 57.91806 67.44736
65.43111 47.12038 60.33107 61.60192 70.48978
67.69652 46.28382 64.74644 61.29551 57.01961
50.78826 74.79025 67.80614 49.41333 63.61294
70.74563 52.01872 72.40252 52.81451 50.78214
49.60586 31.61762 53.21868 60.59838 63.37287
64.47778 52.17922 67.76377 74.78857 73.59043
56.52154 53.18077 67.12885 51.90209 44.21217
68.87528 66.07777 65.07487 56.22507 53.95333
58.65338 70.16468 54.43458 66.21727 73.60369
37.57484 53.08988 62.9907 69.66361 69.49874
58.87161 53.74647 62.78479 63.02296 54.56322
61.9638 83.60799 58.39341 75.0492 41.74357
65.81551 63.13474 54.75757 56.30816 138.2723
lse_avg
0.6679088
TP_avg
0.9082673
FP_avg
0.1677184
----------------------------------------------------------
P=100  NOT Scaled  and no normalization of the data 
density= 
0.0158
N= 
1000
b= 
0.03876753 0.04424735 0.04688157 0.05569024 0.04147504
0.04012816 0.03932175 0.04403414 0.07416468 0.04826552
0.0507419 0.04346667 0.04485794 0.07304665 0.1313549
0.04623767 0.07172082 0.08132367 0.04394862 0.04540804
0.09452355 0.04465143 0.04153209 0.07474806 0.03982211
0.08633333 0.04072496 0.03999076 0.04846091 0.04110479
0.05484072 0.05633009 0.04116526 0.04120968 0.05744517
0.0815971 0.08563239 0.05167388 0.09437815 0.04349802
0.03968230 0.04069077 0.07630157 0.04712927 0.04072448
0.04671542 0.0479718 0.04742947 0.03925602 0.0604305
0.04442088 0.03921989 0.06315914 0.06252106 0.1173871
0.0416567 0.0688323 0.03947983 0.04430229 0.07830667
0.03988842 0.04314332 0.03950201 0.04205836 0.0420923
0.09675336 0.04651278 0.041554 0.09174028 0.06621313
0.05294066 0.04345781 0.04302093 0.07246717 0.04283893
0.0829546 0.04085972 0.0708535 0.04277973 0.04382181
0.09832142 0.0578794 0.04386771 0.05513254 0.04001815
0.0432397 0.08414998 0.05527875 0.04215886 0.03925153
0.04232046 0.04256258 0.04311253 0.06613456 0.07810139
0.04056826 0.08839554 0.0514433 0.03778686 0.0405864
learned lambda
114.9606 113.1467 81.66902 64.20669 116.1295
119.0237 120.4791 122.2222 50.86865 106.6668
114.6874 117.9714 124.0275 44.57841 22.00273
118.0809 52.22182 49.45996 119.8512 113.8461
34.03219 119.0704 116.1853 47.04493 117.3574
40.20199 115.1806 117.3858 107.0179 118.5193
82.72974 63.32189 113.2458 124.3557 75.68297
43.59521 42.67975 69.3217 37.47366 112.9621
117.5346 121.2572 47.42535 120.8310 119.0393
112.7884 119.5300 108.0742 118.4272 73.68648
114.7137 118.7711 76.4894 65.20295 24.61341
118.0684 45.35071 119.6880 120.4874 49.09424
118.4976 115.8458 120.2707 117.3808 124.3112
36.46173 107.2761 113.6281 49.36286 53.83821
72.52909 109.7087 118.2279 51.17329 119.9543
49.83346 108.4308 45.8081 119.8034 111.7573
36.9121 74.74035 122.4462 75.52487 120.0056
116.1225 50.67906 66.89942 119.6261 127.1568
118.1147 116.8899 113.305 63.5472 53.19368
113.2080 51.09661 68.72173 118.2899 119.1328
Prediction Mean Squared Error of the learned model 
0.8976297
TP of the learned C 
1
FP of the learned C 
0.008941272
----------------------------------------------------------
P=100  NOT Scaled  and no normalization of the data 
density= 
0.079
N= 
1000
b= 
0.1370416 0.2628179 0.2552905 0.1121877 0.2143196
0.2946181 0.0771853 0.1325539 0.1639348 0.2544879
0.1731368 0.0982797 0.2730087 0.3078823 0.1876742
0.073325 0.1338218 0.1593464 0.2061504 0.08331607
0.1670816 0.3234785 0.2485976 0.09182416 0.08924859
0.3095542 0.121246 0.2134096 0.350346 0.1578467
0.1827464 0.2709887 0.08378926 0.1089769 0.1268168
0.1583780 0.1989223 0.3129421 0.1252122 0.1405311
0.1530697 0.2154535 0.08013844 0.2159964 0.3002017
0.1980767 0.09182381 0.1599896 0.2060664 0.2518991
0.1840541 0.1965112 0.1093811 0.1685499 0.20667
0.2339420 0.1955925 0.305239 0.3557339 0.1713328
0.1667875 0.2124790 0.2583609 0.1335297 0.2044570
0.07921608 0.2571252 0.2321112 0.1735620 0.2138554
0.1239177 0.1933385 0.1827838 0.1807685 0.2124203
0.07835203 0.1709828 0.3009937 0.2803884 0.1561548
0.2672049 0.1979879 0.1311497 0.1302513 0.1229136
0.2537155 0.1312944 0.2079726 0.1168542 0.2052620
0.1053750 0.1473196 0.1334499 0.08455342 0.3325684
0.1560635 0.05096554 0.1929416 0.2514809 0.05687529
learned lambda
18.54500 9.799223 12.16509 27.3241 13.04163
8.518554 41.55843 21.18382 28.10662 11.00995
16.46660 36.64287 9.205273 9.45736 16.97787
45.31626 21.72771 20.56664 13.63333 39.45046
18.63548 9.21673 11.42898 40.59586 37.19233
8.040565 37.83284 12.78177 7.973957 19.45301
16.61006 9.765032 38.84397 30.37209 25.52956
20.63249 16.84635 8.874902 23.68639 21.82908
17.79952 13.87671 39.70286 13.85435 9.593237
15.36871 46.14114 19.84888 11.76820 11.61051
15.64144 16.56714 29.75308 16.86018 12.86993
10.60663 14.47191 8.278727 7.527702 16.8249
17.48544 14.83436 10.55495 31.74185 13.49678
45.06166 11.23727 12.28328 15.34749 15.92623
36.63365 14.02169 14.67757 14.54500 12.64154
44.49703 17.80311 10.28642 9.49124 20.91684
9.227913 15.18210 23.09620 32.27545 23.86491
12.14936 26.03447 12.89813 36.68806 12.38682
35.29115 29.88108 25.29907 43.11734 7.784317
23.41018 122.5430 14.48001 10.03381 111.0511
Prediction Mean Squared Error of the learned model 
0.4720841
TP of the learned C 
1
FP of the learned C 
0.2122693
----------------------------------------------------------
P=100  NOT Scaled  and no normalization of the data 
density= 
0.1714
N= 
1000
b= 
0.3070736 0.1850550 0.3067655 0.3996277 0.2368274
0.2841774 0.3637926 0.4582578 0.2886838 0.3176536
0.4414974 0.4224962 0.4483466 0.2807366 0.5632843
0.2663006 0.4571377 0.4675826 0.177315 0.3244591
0.3783893 0.2869607 0.258848 0.3506019 0.3447556
0.2821269 0.3284426 0.5368025 0.367384 0.4939536
0.3305848 0.2232722 0.4200888 0.3129686 0.1714676
0.3165136 0.3183330 0.379147 0.4689156 0.226757
0.2333353 0.3638320 0.2512285 0.2357279 0.2358567
0.2386285 0.4024619 0.4463312 0.2932440 0.2499484
0.4092648 0.2113977 0.3877217 0.4423735 0.2517961
0.4863185 0.5681611 0.2996585 0.2101144 0.3959212
0.3695886 0.1668833 0.4310648 0.1803066 0.1963883
0.2457684 0.4005268 0.441322 0.2852300 0.2329648
0.4860304 0.3120643 0.4158187 0.1902597 0.3161306
0.2608729 0.4032803 0.1012710 0.3536911 0.3218733
0.4075677 0.5228783 0.3473057 0.3650526 0.1962026
0.1991894 0.2387059 0.2151956 0.3590817 0.3495305
0.2841743 0.2724546 0.3159373 0.4880416 0.3132013
0.5180125 0.2880389 0.1304289 0.1600289 0.06676656
learned lambda
7.214302 14.10255 7.612008 6.513212 10.11386
8.730004 6.858392 5.585326 8.766046 8.364674
5.847688 6.350733 6.965802 9.04099 4.769237
8.804384 5.590936 5.726975 13.36546 7.178262
6.500967 8.53567 9.881418 7.383289 7.310828
8.608879 8.254979 5.127396 6.110527 5.32042
8.003672 10.90940 5.461336 7.741462 14.25836
7.80437 8.310725 6.035815 5.022555 12.12876
10.86394 6.611866 10.02598 10.18645 9.744926
11.82258 6.375085 5.825951 7.86576 10.45222
6.410237 11.62772 6.686654 5.631551 10.67201
5.112951 4.332302 8.615194 13.46387 5.941834
6.853429 17.26403 6.305368 14.20324 13.12731
11.90598 5.717356 5.484064 7.872173 11.11352
5.089406 6.977198 5.684343 15.03295 8.006672
8.82788 6.641171 26.93988 7.390914 8.97356
6.250742 5.290795 7.801907 8.311252 13.02092
12.88392 11.29615 13.66303 6.731607 7.132919
8.419578 8.742293 8.572995 5.948183 7.813758
5.181303 8.220549 24.87723 16.95323 112.8703
Prediction Mean Squared Error of the learned model 
0.3017839
TP of the learned C 
0.9987608
FP of the learned C 
0.3425054
----------------------------------------------------------
P=100  NOT Scaled  and no normalization of the data 
density= 
0.0262
N= 
1000
b= 
0.05820382 0.102856 0.1155054 0.04478855 0.06284602
0.06786295 0.09911322 0.06619304 0.08658304 0.06784392
0.08757006 0.05818315 0.04494982 0.0689474 0.05743533
0.09610956 0.1191393 0.05504731 0.1884854 0.04980374
0.1059762 0.0583442 0.1079609 0.06475157 0.07995606
0.05699228 0.05740343 0.04877492 0.04609623 0.1110980
0.09333593 0.1228147 0.1439578 0.1184173 0.09829998
0.05076918 0.06024901 0.04644858 0.07777186 0.04357731
0.05748012 0.1175465 0.04713224 0.06361996 0.1106691
0.1511102 0.05371731 0.04836683 0.1222929 0.05806337
0.05599168 0.08729425 0.05415061 0.1172112 0.04633827
0.1323330 0.1602692 0.1015386 0.0543831 0.04337079
0.05571784 0.1011041 0.04643409 0.09768905 0.06023261
0.08863308 0.1196577 0.06409328 0.08411934 0.1209308
0.05941428 0.06542357 0.04665054 0.0867619 0.08793469
0.0566757 0.04772871 0.1043882 0.06765599 0.04603839
0.1164111 0.1358617 0.0819683 0.09769552 0.04721019
0.08706443 0.0798388 0.09350714 0.1008147 0.1041447
0.08261586 0.05114737 0.1132744 0.04947892 0.1759821
0.09189173 0.1546513 0.06319949 0.1248361 0.04809514
learned lambda
61.84466 39.40552 23.71918 116.4073 65.46617
66.74015 52.9589 67.58294 44.36214 60.36485
50.52548 108.4709 115.2123 68.12478 76.35358
32.28349 28.76831 118.1412 17.09737 123.3832
26.29972 67.59049 29.76785 51.85656 46.35412
74.01424 77.41484 124.8605 116.3238 32.07059
39.56490 49.54101 28.57064 28.97232 50.97476
79.11247 60.10481 116.2444 61.25787 120.7548
62.31855 27.90311 113.8512 61.59572 26.08258
20.40544 118.2170 85.96393 28.96625 61.765
110.1539 33.61911 64.18124 23.93574 108.4594
23.91540 20.23633 32.64635 67.42673 118.5688
69.85691 32.22314 123.9427 37.13512 70.29641
48.16833 30.85252 59.72711 48.08667 26.4179
64.81831 56.6275 121.8444 49.60828 48.02803
64.99277 117.5229 50.68701 54.09647 114.7666
27.48765 25.90931 53.32826 35.25807 117.9519
50.66172 48.65143 47.97333 31.15007 38.96304
43.23735 121.3973 28.96216 113.3881 16.13691
40.11487 23.41174 63.81423 25.92659 116.5773
Prediction Mean Squared Error of the learned model 
0.7752908
TP of the learned C 
1
FP of the learned C 
0.06346272
----------------------------------------------------------
P=100  NOT Scaled  and no normalization of the data 
density= 
0.1428
N= 
1000
b= 
0.1539456 0.182409 0.2431851 0.3962557 0.3600819
0.3308937 0.08550797 0.3743086 0.3916180 0.1754822
0.4098193 0.1643324 0.2537375 0.3226311 0.1941202
0.2489685 0.3780179 0.2771679 0.2610285 0.2086132
0.1612938 0.2187416 0.2423962 0.3276134 0.1681502
0.309152 0.3696156 0.3137650 0.1629430 0.1606092
0.4767735 0.4259547 0.2921547 0.1675541 0.4888017
0.1459779 0.3707833 0.3659708 0.0864557 0.2265342
0.1862489 0.3407796 0.3230399 0.326958 0.1611970
0.2718641 0.4460844 0.4269771 0.3878763 0.2719404
0.1816245 0.2487399 0.2494009 0.3239133 0.3993241
0.3542442 0.3137835 0.3747125 0.2546900 0.1230935
0.2543175 0.2434762 0.1514947 0.3203568 0.1152934
0.3116648 0.2612874 0.1312284 0.3612632 0.2946857
0.4527045 0.2211930 0.3444313 0.2989377 0.3426828
0.3681587 0.2079084 0.2633429 0.2505521 0.2514913
0.3509047 0.5630969 0.1295259 0.3597973 0.3139525
0.3672619 0.2701267 0.1319050 0.07950168 0.2542311
0.2988796 0.1610265 0.4513262 0.3538427 0.1460266
0.2094390 0.2712605 0.4002691 0.2640182 0.06938394
learned lambda
18.77979 13.24311 11.40270 6.948177 7.854169
7.876298 27.18891 5.743548 6.138358 17.22387
7.368917 15.66106 9.883758 7.294142 13.74634
12.36192 5.986158 8.722155 9.900086 12.69192
15.83939 10.93682 10.12436 8.040986 15.13983
8.288665 7.28081 7.54484 15.48108 16.83703
5.689014 5.996904 9.714524 14.62264 4.786996
18.41027 7.211985 7.4516 33.82944 11.09234
15.42488 7.275424 6.977066 6.8809 16.43545
9.443738 5.856122 5.813051 6.784279 11.03931
13.21989 10.55828 11.45773 8.140788 6.315106
6.904289 7.763623 6.556716 10.93 22.87303
10.51268 10.41804 15.85025 7.714798 24.73955
8.233531 11.28135 22.01134 7.786185 8.472764
6.060832 13.87163 6.729966 8.899355 6.402887
6.105166 11.27256 9.749806 9.910506 9.561672
7.719698 4.224407 21.75596 7.315107 7.56022
6.954875 10.62829 26.14402 38.55249 8.407688
9.86904 14.78309 5.465345 6.589979 17.81352
11.58985 10.21213 5.653328 11.75977 104.5122
Prediction Mean Squared Error of the learned model 
0.359233
TP of the learned C 
0.996988
FP of the learned C 
0.3923238
----------------------------------------------------------
lambda_avg
44.26887 37.93941 27.3136 44.2799 42.52107
42.17775 49.80875 44.46356 27.64836 40.72604
38.97922 57.0194 53.05893 27.69914 26.76995
43.36939 22.85899 40.52338 34.76948 59.30999
20.26155 43.07002 35.47758 30.98432 44.67089
27.83087 49.19281 53.54006 50.58147 38.44008
30.51948 27.90685 39.16725 41.21284 34.24653
33.91096 27.03072 41.58568 32.25398 55.75342
44.7883 35.38486 43.59649 42.66968 36.1791
33.96577 59.22387 45.1052 34.76234 33.71070
52.02783 38.22866 37.71362 23.95424 32.58597
32.92154 18.43097 35.157 43.96714 42.66057
44.6412 38.11708 55.38481 41.63516 49.19424
29.96625 33.27292 42.62678 25.69108 23.15372
37.02626 40.24134 53.43282 27.85178 39.00668
34.85126 52.33412 28.69424 40.1385 53.1952
17.51962 25.06939 45.6857 31.73695 56.48071
39.75447 29.45788 33.51559 46.54966 38.80946
42.98637 58.33873 36.32091 46.51816 20.54844
38.70084 43.09681 35.50931 36.59267 112.8287
lse_avg
0.5612043
TP_avg
0.9991498
FP_avg
0.2039005
